Running for 60.0 seconds (60 samples at 1.0 second intervals).
Power measurements will start in 0 seconds time.

  Time    User  Nice   Sys  Idle    IO  Run Ctxt/s  IRQ/s Fork Exec Exit  Watts
04:37:42  12.2   0.0   0.2  87.5   0.0    2    132    357    0    0    0  21.05 
04:37:43  12.0   0.0   0.4  87.6   0.0    2    207    410    0    0    2  21.24 
04:37:44  11.6   0.0   1.1  87.2   0.0    2    165    406    2    1    0  21.97 
04:37:45  12.4   0.0   0.2  87.4   0.0    2    234    351    0    0    0  24.69 
04:37:46  12.2   0.0   0.2  84.2   3.2    2    111    324    0    0    0  24.50 
04:37:47  12.3   0.0   0.3  87.1   0.4    2    182    382    0    0    2  24.07 
04:37:48  12.3   0.0   0.3  87.5   0.0    2    113    319    0    0    0  24.57 
04:37:49  12.2   0.0   0.2  87.5   0.0    2    105    318    0    0    0  24.87 
04:37:50  12.4   0.0   0.1  87.5   0.0    2    108    324    0    0    0  26.73 
04:37:51  12.3   0.0   0.3  87.5   0.0    2    216    379    1    0    1  24.92 
04:37:52  12.2   0.0   0.2  86.4   1.1    2    117    323    0    0    0  24.92 
04:37:53  12.5   0.0   0.1  87.4   0.0    2    108    319    0    0    0  24.41 
04:37:54  12.4   0.0   0.0  87.6   0.0    2    119    324    0    0    0  24.14 
04:37:55  12.5   0.0   0.1  87.4   0.0    2    124    325    0    0    0  24.19 
04:37:56  12.4   0.0   0.0  87.6   0.0    2    110    363    0    0    0  24.14 
04:37:57  12.4   0.0   0.1  87.5   0.0    2     95    311    0    0    0  23.38 
04:37:58  12.5   0.0   0.0  87.5   0.0    2    124    328    0    0    0  24.99 
04:37:59  12.5   0.0   0.1  87.4   0.0    2     98    315    0    0    0  23.23 
04:38:00  12.4   0.0   0.0  87.6   0.0    2    104    315    0    0    0  23.30 
04:38:01  12.6   0.0   0.1  86.4   0.9    2    207    377    1    0    1  24.39 
04:38:02  12.4   0.0   0.1  87.5   0.0    2    200    401    3    4    3  24.65 
04:38:03  12.4   0.0   0.2  87.4   0.0    2    112    321    0    0    0  24.95 
-------- ----- ----- ----- ----- ----- ---- ------ ------ ---- ---- ---- ------ 
 Average  12.3   0.0   0.2  87.2   0.3  2.0  140.5  345.1  0.3  0.2  0.4  24.06 
 GeoMean  12.3   0.0   0.0  87.2   0.0  2.0  134.5  343.6  0.0  0.0  0.0  24.02 
  StdDev   0.2   0.0   0.2   0.7   0.7  0.0   44.1   32.5  0.8  0.8  0.8   1.27 
-------- ----- ----- ----- ----- ----- ---- ------ ------ ---- ---- ---- ------ 
 Minimum  11.6   0.0   0.0  84.2   0.0  2.0   95.0  311.0  0.0  0.0  0.0  21.05 
 Maximum  12.6   0.0   1.1  87.6   3.2  2.0  234.0  410.0  3.0  4.0  3.0  26.73 
-------- ----- ----- ----- ----- ----- ---- ------ ------ ---- ---- ---- ------ 
Summary:
CPU:  24.06 Watts on average with standard deviation 1.27  
Note: power read from RAPL domains: dram, package-0, core.
These readings do not cover all the hardware in this device.
