Running for 60.0 seconds (60 samples at 1.0 second intervals).
Power measurements will start in 0 seconds time.

  Time    User  Nice   Sys  Idle    IO  Run Ctxt/s  IRQ/s Fork Exec Exit  Watts
03:44:46  12.1   0.0   0.5  87.4   0.0    2    120    356    0    0    0  21.29 
03:44:47  12.4   0.0   0.1  86.2   1.2    2    156    334    0    0    0  21.51 
03:44:48  11.0   0.0   1.5  87.5   0.0    2    130    326    0    0    0  22.33 
03:44:49  12.4   0.0   0.1  87.5   0.0    2    122    324    0    0    0  24.69 
03:44:50  12.2   0.0   0.4  87.4   0.0    2    124    326    0    0    0  24.36 
03:44:51  12.1   0.0   0.3  87.6   0.0    2    126    326    0    0    0  24.11 
03:44:52  12.2   0.0   0.2  86.5   1.0    2    184    365    1    0    1  24.77 
03:44:53  12.3   0.0   0.3  87.5   0.0    2    114    317    0    0    0  24.90 
03:44:54  12.5   0.0   0.1  87.4   0.0    2    107    323    0    0    0  24.90 
03:44:55  12.4   0.0   0.0  87.6   0.0    2    116    316    0    0    0  24.99 
03:44:56  12.4   0.0   0.2  87.4   0.0    2    123    317    0    0    0  24.82 
03:44:57  12.4   0.0   0.1  87.5   0.0    2     92    309    0    0    0  24.17 
03:44:58  12.5   0.0   0.1  84.8   2.6    2    191    359    0    0    0  24.51 
03:44:59  12.4   0.0   0.0  87.6   0.0    2    106    314    0    0    0  24.00 
03:45:00  12.6   0.0   0.0  87.4   0.0    2    142    333    0    0    0  24.01 
03:45:01  12.5   0.0   0.1  87.4   0.0    2    199    392    3    4    3  24.10 
03:45:02  12.4   0.0   0.1  87.5   0.0    2    199    363    1    0    1  24.06 
03:45:03  12.4   0.0   0.2  87.4   0.0    2    141    333    0    0    0  24.08 
03:45:04  12.4   0.0   0.0  87.6   0.0    2     93    315    0    0    0  24.06 
03:45:05  12.4   0.0   0.2  87.4   0.0    2     86    317    0    0    0  24.32 
03:45:06  12.4   0.0   0.0  87.6   0.0    2    102    333    0    0    0  24.85 
-------- ----- ----- ----- ----- ----- ---- ------ ------ ---- ---- ---- ------ 
 Average  12.3   0.0   0.2  87.2   0.2  2.0  132.0  333.2  0.2  0.2  0.2  24.04 
 GeoMean  12.3   0.0   0.0  87.2   0.0  2.0  128.0  332.6  0.0  0.0  0.0  24.02 
  StdDev   0.3   0.0   0.3   0.6   0.6  0.0   34.1   21.0  0.7  0.9  0.7   1.02 
-------- ----- ----- ----- ----- ----- ---- ------ ------ ---- ---- ---- ------ 
 Minimum  11.0   0.0   0.0  84.8   0.0  2.0   86.0  309.0  0.0  0.0  0.0  21.29 
 Maximum  12.6   0.0   1.5  87.6   2.6  2.0  199.0  392.0  3.0  4.0  3.0  24.99 
-------- ----- ----- ----- ----- ----- ---- ------ ------ ---- ---- ---- ------ 
Summary:
CPU:  24.04 Watts on average with standard deviation 1.02  
Note: power read from RAPL domains: dram, package-0, core.
These readings do not cover all the hardware in this device.
