Running for 60.0 seconds (60 samples at 1.0 second intervals).
Power measurements will start in 0 seconds time.

  Time    User  Nice   Sys  Idle    IO  Run Ctxt/s  IRQ/s Fork Exec Exit  Watts
04:18:42  11.9   0.0   0.5  87.6   0.0    2    118    350    0    0    0  21.25 
04:18:43  12.4   0.0   0.5  87.1   0.0    2    310    430    2    1    0  21.50 
04:18:44  11.0   0.0   1.5  87.5   0.0    2    131    332    0    0    0  22.22 
04:18:45  12.2   0.0   0.2  87.5   0.0    2    113    311    0    0    0  24.55 
04:18:46  12.3   0.0   0.3  87.5   0.0    2    185    418    0    0    2  24.23 
04:18:47  12.1   0.0   0.4  87.2   0.2    3    108    320    0    0    0  23.99 
04:18:48  12.6   0.0   0.1  87.3   0.0    2    159    337    0    0    0  24.54 
04:18:49  12.1   0.0   0.4  87.5   0.0    2     92    301    0    0    0  24.71 
04:18:50  12.3   0.0   0.3  87.5   0.0    2    108    321    0    0    0  24.78 
04:18:51  12.5   0.0   0.1  87.4   0.0    2    183    445    1    0    1  25.08 
04:18:52  12.2   0.0   0.2  87.5   0.0    2     98    310    0    0    0  25.25 
04:18:53  12.4   0.0   0.1  87.5   0.0    2    103    312    0    0    0  24.04 
04:18:54  12.5   0.0   0.1  87.4   0.0    2    155    399    2    1    0  24.01 
04:18:55  12.5   0.0   0.0  87.5   0.0    2    257    368    0    0    0  24.04 
04:18:56  12.5   0.0   0.1  87.1   0.2    2    158    355    0    0    0  23.98 
04:18:57  12.5   0.0   0.0  87.5   0.0    2    161    388    0    0    2  24.14 
04:18:58  12.5   0.0   0.0  87.5   0.0    2    142    335    0    0    0  24.07 
04:18:59  12.5   0.0   0.1  87.4   0.0    2    112    324    0    0    0  24.12 
04:19:00  12.5   0.0   0.0  87.5   0.0    2    112    316    0    0    0  24.04 
04:19:01  12.4   0.0   0.3  87.1   0.3    2    272    417    4    4    4  24.54 
04:19:02  12.5   0.0   0.0  87.5   0.0    2    119    327    0    0    0  25.78 
-------- ----- ----- ----- ----- ----- ---- ------ ------ ---- ---- ---- ------ 
 Average  12.3   0.0   0.3  87.4   0.0  2.0  152.2  353.1  0.4  0.3  0.4  24.04 
 GeoMean  12.3   0.0   0.0  87.4   0.0  2.0  143.1  350.6  0.0  0.0  0.0  24.01 
  StdDev   0.3   0.0   0.3   0.1   0.1  0.2   58.9   43.8  1.0  0.9  1.0   1.09 
-------- ----- ----- ----- ----- ----- ---- ------ ------ ---- ---- ---- ------ 
 Minimum  11.0   0.0   0.0  87.1   0.0  2.0   92.0  301.0  0.0  0.0  0.0  21.25 
 Maximum  12.6   0.0   1.5  87.6   0.3  3.0  310.0  445.0  4.0  4.0  4.0  25.78 
-------- ----- ----- ----- ----- ----- ---- ------ ------ ---- ---- ---- ------ 
Summary:
CPU:  24.04 Watts on average with standard deviation 1.09  
Note: power read from RAPL domains: dram, package-0, core.
These readings do not cover all the hardware in this device.
