Running for 60.0 seconds (60 samples at 1.0 second intervals).
Power measurements will start in 0 seconds time.

  Time    User  Nice   Sys  Idle    IO  Run Ctxt/s  IRQ/s Fork Exec Exit  Watts
04:09:12  12.1   0.0   0.3  86.5   1.1    2    137    357    0    0    0  21.09 
04:09:13  12.4   0.0   0.2  87.4   0.0    2    112    322    0    0    0  21.25 
04:09:14  10.9   0.0   1.6  87.5   0.0    2    130    332    0    0    0  21.78 
04:09:15  12.2   0.0   0.2  87.5   0.0    2    121    323    0    0    0  24.56 
04:09:16  12.2   0.0   0.2  87.5   0.0    2     96    317    0    0    0  24.36 
04:09:17  12.3   0.0   0.3  87.2   0.3    2    143    353    0    0    0  23.95 
04:09:18  12.4   0.0   0.1  87.5   0.0    2    118    331    0    0    0  24.45 
04:09:19  12.2   0.0   0.2  87.5   0.0    2    100    313    0    0    0  24.76 
04:09:20  12.2   0.0   0.2  87.5   0.0    2     98    321    0    0    0  24.82 
04:09:21  12.5   0.0   0.1  87.4   0.0    2    169    360    1    0    1  24.78 
04:09:22  12.2   0.0   0.2  87.5   0.0    2    126    439    0    0    0  24.73 
04:09:23  12.5   0.0   0.1  87.4   0.0    2    182    414    2    1    0  24.23 
04:09:24  12.5   0.0   0.2  87.3   0.0    2    116    336    0    0    0  23.99 
04:09:25  12.5   0.0   0.1  87.4   0.0    2    221    344    0    0    0  24.04 
04:09:26  12.3   0.0   0.1  87.6   0.0    2    123    333    0    0    0  23.99 
04:09:27  12.4   0.0   0.4  87.3   0.0    2    216    435    0    0    2  24.06 
04:09:28  12.4   0.0   0.0  87.6   0.0    2    109    317    0    0    0  24.17 
04:09:29  12.5   0.0   0.1  87.4   0.0    2    102    310    0    0    0  24.16 
04:09:30  12.4   0.0   0.1  87.5   0.0    2    109    322    0    0    0  24.10 
04:09:31  12.5   0.0   0.0  87.5   0.0    2    215    378    1    0    1  25.31 
04:09:32  12.5   0.0   0.1  87.0   0.4    2    144    388    2    1    0  24.96 
-------- ----- ----- ----- ----- ----- ---- ------ ------ ---- ---- ---- ------ 
 Average  12.3   0.0   0.3  87.4   0.1  2.0  137.5  349.8  0.3  0.1  0.2  23.98 
 GeoMean  12.3   0.0   0.0  87.4   0.0  2.0  132.7  347.8  0.0  0.0  0.0  23.95 
  StdDev   0.3   0.0   0.3   0.2   0.3  0.0   39.0   38.5  0.6  0.3  0.5   1.13 
-------- ----- ----- ----- ----- ----- ---- ------ ------ ---- ---- ---- ------ 
 Minimum  10.9   0.0   0.0  86.5   0.0  2.0   96.0  310.0  0.0  0.0  0.0  21.09 
 Maximum  12.5   0.0   1.6  87.6   1.1  2.0  221.0  439.0  2.0  1.0  2.0  25.31 
-------- ----- ----- ----- ----- ----- ---- ------ ------ ---- ---- ---- ------ 
Summary:
CPU:  23.98 Watts on average with standard deviation 1.13  
Note: power read from RAPL domains: dram, package-0, core.
These readings do not cover all the hardware in this device.
