Running for 60.0 seconds (60 samples at 1.0 second intervals).
Power measurements will start in 0 seconds time.

  Time    User  Nice   Sys  Idle    IO  Run Ctxt/s  IRQ/s Fork Exec Exit  Watts
03:24:25  12.1   0.0   0.3  87.6   0.0    2    104    345    0    0    0  21.34 
03:24:26  12.2   0.0   0.4  87.4   0.0    2    123    337    0    0    0  21.55 
03:24:27  11.2   0.0   1.2  87.2   0.2    2    149    330    0    0    0  22.21 
03:24:28  12.1   0.0   0.4  87.5   0.0    2    114    325    0    0    0  24.52 
03:24:29  12.1   0.0   0.3  87.6   0.0    2    108    317    0    0    0  24.28 
03:24:30  12.1   0.0   0.5  87.4   0.0    2    116    329    0    0    0  23.93 
03:24:31  12.4   0.0   0.2  87.4   0.0    2    190    354    1    0    1  24.84 
03:24:32  12.4   0.0   0.1  87.2   0.3    2    108    323    0    0    0  24.67 
03:24:33  12.4   0.0   0.2  87.4   0.0    2    100    315    0    0    0  24.84 
03:24:34  12.3   0.0   0.1  87.6   0.0    2    134    365    0    0    0  25.19 
03:24:35  12.5   0.0   0.1  87.4   0.0    2    102    304    0    0    0  24.78 
03:24:36  12.4   0.0   0.1  87.5   0.0    2     99    321    0    0    0  24.21 
03:24:37  12.4   0.0   0.1  87.5   0.0    2    120    319    0    0    0  24.11 
03:24:38  12.5   0.0   0.0  87.5   0.0    2    150    351    0    0    0  24.10 
03:24:39  12.4   0.0   0.1  87.0   0.5    2    111    319    0    0    0  24.11 
03:24:40  12.6   0.0   0.0  87.4   0.0    2    100    324    0    0    0  24.13 
03:24:41  12.4   0.0   0.0  87.6   0.0    2    176    361    1    0    1  24.66 
03:24:42  12.6   0.0   0.2  87.1   0.0    2    327    459    2    1    0  24.34 
03:24:43  12.4   0.0   0.1  87.5   0.0    2    104    319    0    0    0  24.18 
03:24:44  12.5   0.0   0.0  87.4   0.1    2    143    339    0    0    0  24.46 
03:24:45  12.3   0.0   0.1  87.6   0.0    2    205    414    0    0    2  25.03 
-------- ----- ----- ----- ----- ----- ---- ------ ------ ---- ---- ---- ------ 
 Average  12.3   0.0   0.2  87.4   0.1  2.0  137.3  341.4  0.2  0.0  0.2  24.07 
 GeoMean  12.3   0.0   0.0  87.4   0.0  2.0  130.4  339.8  0.0  0.0  0.0  24.05 
  StdDev   0.3   0.0   0.3   0.2   0.1  0.0   52.0   35.3  0.5  0.2  0.5   1.03 
-------- ----- ----- ----- ----- ----- ---- ------ ------ ---- ---- ---- ------ 
 Minimum  11.2   0.0   0.0  87.0   0.0  2.0   99.0  304.0  0.0  0.0  0.0  21.34 
 Maximum  12.6   0.0   1.2  87.6   0.5  2.0  327.0  459.0  2.0  1.0  2.0  25.19 
-------- ----- ----- ----- ----- ----- ---- ------ ------ ---- ---- ---- ------ 
Summary:
CPU:  24.07 Watts on average with standard deviation 1.03  
Note: power read from RAPL domains: dram, package-0, core.
These readings do not cover all the hardware in this device.
