Running for 60.0 seconds (60 samples at 1.0 second intervals).
Power measurements will start in 0 seconds time.

  Time    User  Nice   Sys  Idle    IO  Run Ctxt/s  IRQ/s Fork Exec Exit  Watts
04:36:21  12.0   0.0   0.4  87.6   0.0    2    187    382    1    0    1  21.16 
04:36:22  12.5   0.0   0.1  87.4   0.0    2    157    388    2    1    0  21.33 
04:36:23  11.0   0.0   1.5  87.5   0.0    2    259    346    0    0    0  22.54 
04:36:24  12.3   0.0   0.3  87.5   0.0    2    121    330    0    0    0  24.67 
04:36:25  12.2   0.0   0.5  87.3   0.0    2    186    414    0    0    2  24.34 
04:36:26  12.4   0.0   0.2  87.1   0.2    2    145    355    0    0    0  24.14 
04:36:27  12.5   0.0   0.0  87.5   0.0    2    102    314    0    0    0  24.72 
04:36:28  12.4   0.0   0.1  87.5   0.0    2    121    372    2    1    0  24.96 
04:36:29  12.5   0.0   0.2  87.2   0.0    2    285    380    0    0    0  24.94 
04:36:30  12.5   0.0   0.1  87.4   0.0    2    100    322    0    0    0  25.03 
04:36:31  12.3   0.0   0.1  87.6   0.0    3    263    437    2    0    3  25.19 
04:36:32  12.6   0.0   0.1  87.2   0.0    2    285    429    1    1    0  25.23 
04:36:33  12.4   0.0   0.0  87.6   0.0    2     97    318    0    0    0  24.21 
04:36:34  12.5   0.0   0.0  86.8   0.8    2    142    336    0    0    0  24.23 
04:36:35  12.4   0.0   0.2  87.4   0.0    2    196    405    0    0    2  24.24 
04:36:36  12.4   0.0   0.0  87.6   0.0    2    103    320    0    0    0  24.16 
04:36:37  12.5   0.0   0.1  87.4   0.0    2     96    316    0    0    0  24.16 
04:36:38  12.5   0.0   0.0  87.5   0.0    2    116    337    0    0    0  24.20 
04:36:39  12.4   0.0   0.1  87.1   0.4    2    186    362    0    0    0  24.23 
04:36:40  12.2   0.0   0.2  87.5   0.0    2    110    313    0    0    0  24.53 
04:36:41  12.4   0.0   0.1  87.5   0.0    2    161    350    1    0    1  25.17 
-------- ----- ----- ----- ----- ----- ---- ------ ------ ---- ---- ---- ------ 
 Average  12.3   0.0   0.2  87.4   0.1  2.0  162.8  358.4  0.4  0.1  0.4  24.16 
 GeoMean  12.3   0.0   0.0  87.4   0.0  2.0  152.1  356.4  0.0  0.0  0.0  24.13 
  StdDev   0.3   0.0   0.3   0.2   0.2  0.2   62.2   38.3  0.7  0.3  0.8   1.10 
-------- ----- ----- ----- ----- ----- ---- ------ ------ ---- ---- ---- ------ 
 Minimum  11.0   0.0   0.0  86.8   0.0  2.0   96.0  313.0  0.0  0.0  0.0  21.16 
 Maximum  12.6   0.0   1.5  87.6   0.8  3.0  285.0  437.0  2.0  1.0  3.0  25.23 
-------- ----- ----- ----- ----- ----- ---- ------ ------ ---- ---- ---- ------ 
Summary:
CPU:  24.16 Watts on average with standard deviation 1.10  
Note: power read from RAPL domains: dram, package-0, core.
These readings do not cover all the hardware in this device.
