Running for 60.0 seconds (60 samples at 1.0 second intervals).
Power measurements will start in 0 seconds time.

  Time    User  Nice   Sys  Idle    IO  Run Ctxt/s  IRQ/s Fork Exec Exit  Watts
04:20:03  12.2   0.0   0.4  87.1   0.2    2    287    500    0    0    2  21.05 
04:20:04  12.1   0.0   0.4  87.5   0.0    2    114    329    0    0    0  21.52 
04:20:05  11.0   0.0   1.5  87.5   0.0    2    109    339    0    0    0  22.03 
04:20:06  12.4   0.0   0.1  87.5   0.0    2    108    330    0    0    0  24.55 
04:20:07  12.2   0.0   0.2  87.5   0.0    2    105    338    0    0    0  24.32 
04:20:08  12.3   0.0   0.3  87.5   0.0    2    134    338    0    0    0  23.95 
04:20:09  12.4   0.0   0.1  87.4   0.1    2    141    327    0    0    0  24.52 
04:20:10  12.4   0.0   0.3  87.4   0.0    2    179    406    2    1    0  24.87 
04:20:11  12.4   0.0   0.2  87.4   0.0    2    182    372    1    0    1  25.29 
04:20:12  12.5   0.0   0.0  87.5   0.0    2    190    417    0    0    2  26.34 
04:20:13  12.2   0.0   0.2  87.5   0.0    2    134    329    0    0    0  24.77 
04:20:14  12.5   0.0   0.0  87.5   0.0    2     98    315    0    0    0  24.70 
04:20:15  12.5   0.0   0.0  87.5   0.0    2    106    322    0    0    0  24.59 
04:20:16  12.4   0.0   0.1  87.2   0.2    2    126    344    0    0    0  24.66 
04:20:17  12.6   0.0   0.0  87.4   0.0    2     82    303    0    0    0  24.68 
04:20:18  12.4   0.0   0.1  87.5   0.0    2    152    335    0    0    0  23.11 
04:20:19  12.5   0.0   0.2  87.2   0.0    2    186    412    2    1    0  23.15 
04:20:20  12.4   0.0   0.1  87.5   0.0    2    163    387    0    0    2  23.06 
04:20:21  12.5   0.0   0.0  87.5   0.0    2    167    348    1    0    1  23.45 
04:20:22  12.5   0.0   0.1  87.4   0.0    2    113    327    0    0    0  24.71 
04:20:23  12.2   0.0   0.2  87.5   0.0    2    144    332    0    0    0  24.71 
-------- ----- ----- ----- ----- ----- ---- ------ ------ ---- ---- ---- ------ 
 Average  12.3   0.0   0.2  87.4   0.0  2.0  143.8  354.8  0.3  0.1  0.4  24.00 
 GeoMean  12.3   0.0   0.0  87.4   0.0  2.0  137.9  352.2  0.0  0.0  0.0  23.97 
  StdDev   0.3   0.0   0.3   0.1   0.1  0.0   44.6   45.2  0.6  0.3  0.7   1.26 
-------- ----- ----- ----- ----- ----- ---- ------ ------ ---- ---- ---- ------ 
 Minimum  11.0   0.0   0.0  87.1   0.0  2.0   82.0  303.0  0.0  0.0  0.0  21.05 
 Maximum  12.6   0.0   1.5  87.5   0.2  2.0  287.0  500.0  2.0  1.0  2.0  26.34 
-------- ----- ----- ----- ----- ----- ---- ------ ------ ---- ---- ---- ------ 
Summary:
CPU:  24.00 Watts on average with standard deviation 1.26  
Note: power read from RAPL domains: dram, package-0, core.
These readings do not cover all the hardware in this device.
