Running for 60.0 seconds (60 samples at 1.0 second intervals).
Power measurements will start in 0 seconds time.

  Time    User  Nice   Sys  Idle    IO  Run Ctxt/s  IRQ/s Fork Exec Exit  Watts
04:11:55  12.4   0.0   0.1  87.5   0.0    2    124    356    0    0    0  21.12 
04:11:56  12.2   0.0   0.2  87.5   0.0    2    136    356    0    0    0  21.33 
04:11:57  10.9   0.0   1.6  87.5   0.0    2    118    314    0    0    0  22.05 
04:11:58  12.2   0.0   0.2  87.5   0.0    2    128    326    0    0    0  24.53 
04:11:59  12.4   0.0   0.1  87.5   0.0    2    104    324    0    0    0  24.29 
04:12:00  12.1   0.0   0.4  87.4   0.1    2    117    322    0    0    0  23.93 
04:12:01  12.2   0.0   0.4  87.4   0.0    2    249    414    4    4    4  25.08 
04:12:02  12.4   0.0   0.1  87.5   0.0    2    112    340    0    0    0  24.71 
04:12:03  12.5   0.0   0.1  87.4   0.0    2    182    363    0    0    0  24.84 
04:12:04  12.4   0.0   0.0  87.6   0.0    2     96    312    0    0    0  24.90 
04:12:05  12.4   0.0   0.2  87.4   0.0    2    101    314    0    0    0  24.86 
04:12:06  12.4   0.0   0.1  87.5   0.0    2    111    332    0    0    0  24.13 
04:12:07  12.5   0.0   0.1  84.0   3.4    2    118    440    0    0    0  24.03 
04:12:08  12.4   0.0   0.0  87.6   0.0    2    106    317    0    0    0  24.04 
04:12:09  12.4   0.0   0.1  87.5   0.0    2    105    323    0    0    0  24.03 
04:12:10  12.5   0.0   0.1  87.4   0.0    2    102    323    0    0    0  24.12 
04:12:11  12.4   0.0   0.0  87.6   0.0    2    182    352    1    0    1  24.98 
04:12:12  12.5   0.0   0.1  87.4   0.0    2    107    323    0    0    0  25.47 
04:12:13  12.4   0.0   0.1  87.5   0.0    2    110    319    0    0    0  24.08 
04:12:14  12.4   0.0   0.1  87.5   0.0    2    112    323    0    0    0  24.46 
04:12:15  12.2   0.0   0.2  87.5   0.0    2    104    318    0    0    0  24.95 
-------- ----- ----- ----- ----- ----- ---- ------ ------ ---- ---- ---- ------ 
 Average  12.3   0.0   0.2  87.3   0.2  2.0  125.0  338.6  0.2  0.2  0.2  24.09 
 GeoMean  12.3   0.0   0.0  87.3   0.0  2.0  121.2  337.2  0.0  0.0  0.0  24.06 
  StdDev   0.3   0.0   0.3   0.7   0.7  0.0   35.7   32.5  0.9  0.9  0.9   1.15 
-------- ----- ----- ----- ----- ----- ---- ------ ------ ---- ---- ---- ------ 
 Minimum  10.9   0.0   0.0  84.0   0.0  2.0   96.0  312.0  0.0  0.0  0.0  21.12 
 Maximum  12.5   0.0   1.6  87.6   3.4  2.0  249.0  440.0  4.0  4.0  4.0  25.47 
-------- ----- ----- ----- ----- ----- ---- ------ ------ ---- ---- ---- ------ 
Summary:
CPU:  24.09 Watts on average with standard deviation 1.15  
Note: power read from RAPL domains: dram, package-0, core.
These readings do not cover all the hardware in this device.
