Running for 60.0 seconds (60 samples at 1.0 second intervals).
Power measurements will start in 0 seconds time.

  Time    User  Nice   Sys  Idle    IO  Run Ctxt/s  IRQ/s Fork Exec Exit  Watts
03:50:12  12.1   0.0   0.4  87.5   0.0    2    160    374    0    0    0  20.98 
03:50:13  12.3   0.0   0.3  86.2   1.3    2    126    325    0    0    0  21.16 
03:50:14  11.1   0.0   1.4  87.5   0.0    2    138    336    0    0    0  21.80 
03:50:15  12.1   0.0   0.4  87.5   0.0    2     98    312    0    0    0  24.50 
03:50:16  12.4   0.0   0.2  87.4   0.0    2    100    328    0    0    0  24.24 
03:50:17  12.3   0.0   0.1  87.6   0.0    2    116    327    0    0    0  23.92 
03:50:18  12.2   0.0   0.4  86.0   1.4    2    144    340    0    0    0  24.50 
03:50:19  12.2   0.0   0.3  87.6   0.0    2     90    303    0    0    0  24.74 
03:50:20  12.4   0.0   0.2  87.4   0.0    2    102    330    0    0    0  24.86 
03:50:21  12.4   0.0   0.1  87.5   0.0    2    176    341    1    0    1  25.43 
03:50:22  12.2   0.0   0.4  87.4   0.0    2    123    327    0    0    0  25.82 
03:50:23  12.4   0.0   0.1  87.5   0.0    2    113    315    0    0    0  24.05 
03:50:24  12.5   0.0   0.1  87.4   0.0    2    141    389    2    1    0  24.06 
03:50:25  12.5   0.0   0.0  87.5   0.0    2    125    430    0    0    0  24.29 
03:50:26  12.5   0.0   0.1  87.4   0.0    2    162    354    0    0    0  24.10 
03:50:27  12.4   0.0   0.0  86.7   0.9    2    111    312    0    0    0  23.89 
03:50:28  12.6   0.0   0.1  87.3   0.0    2    196    410    0    0    2  24.16 
03:50:29  12.4   0.0   0.1  87.5   0.0    2     98    304    0    0    0  23.98 
03:50:30  12.5   0.0   0.0  87.5   0.0    2    115    325    0    0    0  24.05 
03:50:31  12.4   0.0   0.2  87.4   0.0    2    183    350    1    0    1  24.82 
03:50:32  12.4   0.0   0.1  87.5   0.0    2    114    328    0    0    0  25.38 
-------- ----- ----- ----- ----- ----- ---- ------ ------ ---- ---- ---- ------ 
 Average  12.3   0.0   0.2  87.3   0.2  2.0  130.0  341.0  0.2  0.0  0.2  24.03 
 GeoMean  12.3   0.0   0.0  87.3   0.0  2.0  126.9  339.5  0.0  0.0  0.0  24.00 
  StdDev   0.3   0.0   0.3   0.4   0.4  0.0   29.5   33.0  0.5  0.2  0.5   1.23 
-------- ----- ----- ----- ----- ----- ---- ------ ------ ---- ---- ---- ------ 
 Minimum  11.1   0.0   0.0  86.0   0.0  2.0   90.0  303.0  0.0  0.0  0.0  20.98 
 Maximum  12.6   0.0   1.4  87.6   1.4  2.0  196.0  430.0  2.0  1.0  2.0  25.82 
-------- ----- ----- ----- ----- ----- ---- ------ ------ ---- ---- ---- ------ 
Summary:
CPU:  24.03 Watts on average with standard deviation 1.23  
Note: power read from RAPL domains: dram, package-0, core.
These readings do not cover all the hardware in this device.
