Running for 60.0 seconds (60 samples at 1.0 second intervals).
Power measurements will start in 0 seconds time.

  Time    User  Nice   Sys  Idle    IO  Run Ctxt/s  IRQ/s Fork Exec Exit  Watts
04:33:38  12.2   0.0   0.4  87.4   0.0    2    164    367    0    0    0  21.13 
04:33:39  12.2   0.0   0.2  87.2   0.2    2    114    317    0    0    0  21.29 
04:33:40  11.2   0.0   1.2  87.5   0.0    2    130    333    0    0    0  22.19 
04:33:41  12.2   0.0   0.2  87.5   0.0    2     96    306    0    0    0  24.63 
04:33:42  12.4   0.0   0.1  87.5   0.0    2    213    371    1    0    1  24.59 
04:33:43  12.4   0.0   0.1  87.5   0.0    2    120    312    0    0    0  24.10 
04:33:44  12.2   0.0   0.2  87.2   0.2    2    111    322    0    0    0  24.66 
04:33:45  12.2   0.0   0.2  87.5   0.0    2    102    311    0    0    0  24.86 
04:33:46  12.3   0.0   0.3  87.5   0.0    2    140    342    0    0    0  24.85 
04:33:47  12.4   0.0   0.2  87.4   0.0    2    111    339    1    0    0  25.75 
04:33:48  12.3   0.0   0.1  87.6   0.0    2    134    327    0    0    0  24.93 
04:33:49  12.5   0.0   0.1  87.4   0.0    2     96    300    0    0    0  24.58 
04:33:50  12.5   0.0   0.0  87.5   0.0    2    119    324    0    0    0  24.58 
04:33:51  12.4   0.0   0.2  87.4   0.0    2    132    317    0    0    0  24.62 
04:33:52  12.4   0.0   0.1  87.1   0.4    2    209    381    1    0    1  24.51 
04:33:53  12.5   0.0   0.0  87.5   0.0    2    114    319    0    0    0  23.61 
04:33:54  12.4   0.0   0.1  87.5   0.0    2    114    324    0    0    0  23.58 
04:33:55  12.6   0.0   0.0  87.4   0.0    2     97    311    0    0    0  23.60 
04:33:56  12.4   0.0   0.1  87.5   0.0    2    101    318    0    0    0  24.28 
04:33:57  12.4   0.0   0.1  86.6   0.9    2    126    375    0    0    0  24.69 
04:33:58  12.3   0.0   0.1  87.6   0.0    2    147    341    0    0    0  26.11 
-------- ----- ----- ----- ----- ----- ---- ------ ------ ---- ---- ---- ------ 
 Average  12.3   0.0   0.2  87.4   0.1  2.0  128.1  331.3  0.1  0.0  0.1  24.15 
 GeoMean  12.3   0.0   0.0  87.4   0.0  2.0  124.8  330.5  0.0  0.0  0.0  24.12 
  StdDev   0.3   0.0   0.3   0.2   0.2  0.0   31.9   23.2  0.3  0.0  0.3   1.23 
-------- ----- ----- ----- ----- ----- ---- ------ ------ ---- ---- ---- ------ 
 Minimum  11.2   0.0   0.0  86.6   0.0  2.0   96.0  300.0  0.0  0.0  0.0  21.13 
 Maximum  12.6   0.0   1.2  87.6   0.9  2.0  213.0  381.0  1.0  0.0  1.0  26.11 
-------- ----- ----- ----- ----- ----- ---- ------ ------ ---- ---- ---- ------ 
Summary:
CPU:  24.15 Watts on average with standard deviation 1.23  
Note: power read from RAPL domains: dram, package-0, core.
These readings do not cover all the hardware in this device.
