Running for 60.0 seconds (60 samples at 1.0 second intervals).
Power measurements will start in 0 seconds time.

  Time    User  Nice   Sys  Idle    IO  Run Ctxt/s  IRQ/s Fork Exec Exit  Watts
03:52:55  12.2   0.0   0.2  87.5   0.0    2    128    353    0    0    0  21.23 
03:52:56  12.2   0.0   0.4  87.4   0.0    2    120    328    0    0    0  21.41 
03:52:57  11.1   0.0   1.4  86.2   1.2    2    134    335    0    0    0  22.23 
03:52:58  12.4   0.0   0.1  87.5   0.0    2    114    323    0    0    0  24.52 
03:52:59  12.2   0.0   0.2  87.5   0.0    2    125    350    0    0    0  24.32 
03:53:00  12.3   0.0   0.3  87.5   0.0    2    112    321    0    0    0  23.99 
03:53:01  12.4   0.0   0.1  87.5   0.0    2    120    317    0    0    0  24.63 
03:53:02  12.4   0.0   0.2  86.1   1.2    2    282    427    4    4    4  24.92 
03:53:03  12.5   0.0   0.0  87.5   0.0    2    110    318    0    0    0  24.79 
03:53:04  12.2   0.0   0.2  87.5   0.0    2    118    326    0    0    0  24.84 
03:53:05  12.4   0.0   0.2  87.4   0.0    2    110    328    0    0    0  24.78 
03:53:06  12.4   0.0   0.0  87.6   0.0    2     98    317    0    0    0  24.11 
03:53:07  12.5   0.0   0.1  87.4   0.0    2    114    316    0    0    0  23.94 
03:53:08  12.4   0.0   0.1  87.5   0.0    2    143    325    0    0    0  24.01 
03:53:09  12.5   0.0   0.0  87.5   0.0    2    126    334    0    0    0  24.00 
03:53:10  12.4   0.0   0.2  87.4   0.0    2     92    311    0    0    0  24.07 
03:53:11  12.4   0.0   0.0  87.6   0.0    2    114    319    0    0    0  24.15 
03:53:12  12.5   0.0   0.1  83.9   3.5    2    405    472    2    0    2  25.33 
03:53:13  12.4   0.0   0.1  87.5   0.0    2     92    313    0    0    0  24.08 
03:53:14  12.5   0.0   0.0  87.5   0.0    2    117    323    0    0    0  24.36 
03:53:15  12.4   0.0   0.2  87.4   0.0    2    102    317    0    0    0  24.86 
-------- ----- ----- ----- ----- ----- ---- ------ ------ ---- ---- ---- ------ 
 Average  12.3   0.0   0.2  87.2   0.3  2.0  137.0  336.8  0.3  0.2  0.3  24.03 
 GeoMean  12.3   0.0   0.0  87.2   0.0  2.0  126.9  334.9  0.0  0.0  0.0  24.00 
  StdDev   0.3   0.0   0.3   0.8   0.8  0.0   70.7   38.7  0.9  0.9  0.9   1.06 
-------- ----- ----- ----- ----- ----- ---- ------ ------ ---- ---- ---- ------ 
 Minimum  11.1   0.0   0.0  83.9   0.0  2.0   92.0  311.0  0.0  0.0  0.0  21.23 
 Maximum  12.5   0.0   1.4  87.6   3.5  2.0  405.0  472.0  4.0  4.0  4.0  25.33 
-------- ----- ----- ----- ----- ----- ---- ------ ------ ---- ---- ---- ------ 
Summary:
CPU:  24.03 Watts on average with standard deviation 1.06  
Note: power read from RAPL domains: dram, package-0, core.
These readings do not cover all the hardware in this device.
