Running for 60.0 seconds (60 samples at 1.0 second intervals).
Power measurements will start in 0 seconds time.

  Time    User  Nice   Sys  Idle    IO  Run Ctxt/s  IRQ/s Fork Exec Exit  Watts
03:42:04  11.9   0.0   0.6  87.5   0.0    2    159    357    0    0    0  21.04 
03:42:05  12.4   0.0   0.3  87.4   0.0    2    287    430    2    1    0  21.38 
03:42:06  11.1   0.0   1.4  87.5   0.0    2    116    318    0    0    0  21.93 
03:42:07  12.1   0.0   0.4  87.2   0.2    2    233    438    0    0    2  24.50 
03:42:08  12.3   0.0   0.3  87.5   0.0    2    110    324    0    0    0  24.12 
03:42:09  12.1   0.0   0.4  87.5   0.0    2    139    340    0    0    0  23.92 
03:42:10  12.4   0.0   0.1  87.5   0.0    2     86    306    0    0    0  24.47 
03:42:11  12.4   0.0   0.1  87.5   0.0    2    111    327    0    0    0  24.70 
03:42:12  12.2   0.0   0.4  87.4   0.0    2    182    393    1    0    1  25.54 
03:42:13  12.5   0.0   0.0  87.4   0.1    2    120    328    0    0    0  24.95 
03:42:14  12.3   0.0   0.1  87.6   0.0    2    120    421    0    0    0  25.22 
03:42:15  12.4   0.0   0.2  87.4   0.0    2    106    323    0    0    0  24.64 
03:42:16  12.4   0.0   0.1  87.5   0.0    2    103    319    0    0    0  23.99 
03:42:17  12.9   0.0   0.2  85.8   1.1    2    209    416    2    0    0  24.47 
03:42:18  12.4   0.0   0.1  87.5   0.0    2    110    317    0    0    0  24.00 
03:42:19  12.4   0.0   0.1  87.5   0.0    2    134    343    0    0    0  24.09 
03:42:20  12.4   0.0   0.1  87.2   0.2    2    121    327    0    0    0  24.07 
03:42:21  12.5   0.0   0.0  87.5   0.0    2    110    331    0    0    0  24.14 
03:42:22  12.4   0.0   0.2  87.4   0.0    2    190    372    1    0    2  25.28 
03:42:23  12.3   0.0   0.3  87.5   0.0    2    123    324    0    0    0  24.48 
03:42:24  12.4   0.0   0.1  87.5   0.0    2    140    341    0    0    0  24.95 
-------- ----- ----- ----- ----- ----- ---- ------ ------ ---- ---- ---- ------ 
 Average  12.3   0.0   0.3  87.4   0.1  2.0  143.3  352.1  0.3  0.0  0.2  24.09 
 GeoMean  12.3   0.0   0.0  87.4   0.0  2.0  136.5  349.9  0.0  0.0  0.0  24.06 
  StdDev   0.3   0.0   0.3   0.4   0.2  0.0   49.0   40.9  0.6  0.2  0.6   1.17 
-------- ----- ----- ----- ----- ----- ---- ------ ------ ---- ---- ---- ------ 
 Minimum  11.1   0.0   0.0  85.8   0.0  2.0   86.0  306.0  0.0  0.0  0.0  21.04 
 Maximum  12.9   0.0   1.4  87.6   1.1  2.0  287.0  438.0  2.0  1.0  2.0  25.54 
-------- ----- ----- ----- ----- ----- ---- ------ ------ ---- ---- ---- ------ 
Summary:
CPU:  24.09 Watts on average with standard deviation 1.17  
Note: power read from RAPL domains: dram, package-0, core.
These readings do not cover all the hardware in this device.
