Running for 60.0 seconds (60 samples at 1.0 second intervals).
Power measurements will start in 0 seconds time.

  Time    User  Nice   Sys  Idle    IO  Run Ctxt/s  IRQ/s Fork Exec Exit  Watts
03:25:47  12.1   0.0   0.4  87.5   0.0    2    150    362    0    0    0  21.04 
03:25:48  12.5   0.0   0.1  87.4   0.0    2     90    306    0    0    0  21.24 
03:25:49  11.2   0.0   1.4  87.4   0.0    2    156    357    0    0    0  21.96 
03:25:50  12.2   0.0   0.2  87.5   0.0    2     94    308    0    0    0  24.56 
03:25:51  12.2   0.0   0.2  87.5   0.0    2    127    351    0    0    0  24.30 
03:25:52  12.2   0.0   0.2  87.1   0.4    2    196    367    1    0    1  25.77 
03:25:53  12.3   0.0   0.3  87.5   0.0    2    110    322    0    0    0  25.29 
03:25:54  12.4   0.0   0.0  87.6   0.0    2    128    336    0    0    0  24.75 
03:25:55  12.4   0.0   0.2  87.4   0.0    2    112    330    0    0    0  24.89 
03:25:56  12.6   0.0   0.1  87.2   0.0    2    273    429    2    1    0  25.03 
03:25:57  12.2   0.0   0.2  87.5   0.0    2    122    320    0    0    0  24.87 
03:25:58  12.5   0.0   0.0  87.2   0.2    2    109    316    0    0    0  24.22 
03:25:59  12.5   0.0   0.1  87.4   0.0    2    205    426    0    0    2  24.13 
03:26:00  12.4   0.0   0.1  87.5   0.0    2    123    312    0    0    0  24.14 
03:26:01  12.4   0.0   0.1  87.5   0.0    2     97    315    0    0    0  24.17 
03:26:02  12.5   0.0   0.1  87.4   0.0    2    275    428    4    4    4  25.19 
03:26:03  12.5   0.0   0.0  87.5   0.0    2    120    330    0    0    0  24.20 
03:26:04  12.6   0.0   0.0  87.4   0.0    2    138    321    0    0    0  24.34 
03:26:05  12.4   0.0   0.2  87.1   0.2    2    102    328    0    0    0  24.19 
03:26:06  12.3   0.0   0.1  87.6   0.0    2    124    325    0    0    0  24.56 
03:26:07  12.5   0.0   0.1  87.4   0.0    2    140    353    0    0    0  25.03 
-------- ----- ----- ----- ----- ----- ---- ------ ------ ---- ---- ---- ------ 
 Average  12.3   0.0   0.2  87.4   0.0  2.0  142.4  344.9  0.3  0.2  0.3  24.18 
 GeoMean  12.3   0.0   0.0  87.4   0.0  2.0  135.1  342.9  0.0  0.0  0.0  24.15 
  StdDev   0.3   0.0   0.3   0.1   0.1  0.0   51.5   37.9  0.9  0.9  0.9   1.22 
-------- ----- ----- ----- ----- ----- ---- ------ ------ ---- ---- ---- ------ 
 Minimum  11.2   0.0   0.0  87.1   0.0  2.0   90.0  306.0  0.0  0.0  0.0  21.04 
 Maximum  12.6   0.0   1.4  87.6   0.4  2.0  275.0  429.0  4.0  4.0  4.0  25.77 
-------- ----- ----- ----- ----- ----- ---- ------ ------ ---- ---- ---- ------ 
Summary:
CPU:  24.18 Watts on average with standard deviation 1.22  
Note: power read from RAPL domains: dram, package-0, core.
These readings do not cover all the hardware in this device.
