Running for 60.0 seconds (60 samples at 1.0 second intervals).
Power measurements will start in 0 seconds time.

  Time    User  Nice   Sys  Idle    IO  Run Ctxt/s  IRQ/s Fork Exec Exit  Watts
04:21:25  12.2   0.0   0.4  87.4   0.0    2    119    330    0    0    0  21.13 
04:21:26  12.1   0.0   0.4  87.4   0.1    2    121    333    0    0    0  21.31 
04:21:27  11.2   0.0   1.4  87.4   0.0    2    149    344    0    0    0  21.59 
04:21:28  12.2   0.0   0.2  87.5   0.0    2    112    324    0    0    0  24.45 
04:21:29  12.5   0.0   0.1  87.4   0.0    2     98    312    0    0    0  24.26 
04:21:30  12.2   0.0   0.4  87.4   0.0    2    164    410    2    1    0  23.92 
04:21:31  12.5   0.0   0.1  87.1   0.2    2    343    419    1    0    1  24.52 
04:21:32  12.5   0.0   0.1  87.4   0.0    2    102    320    0    0    0  24.75 
04:21:33  12.3   0.0   0.3  87.5   0.0    2    192    397    0    0    2  24.83 
04:21:34  12.2   0.0   0.4  87.4   0.0    2    122    334    0    0    0  24.79 
04:21:35  12.5   0.0   0.1  87.4   0.0    2    123    428    0    0    0  25.89 
04:21:36  12.5   0.0   0.1  87.4   0.0    2     96    322    0    0    0  24.21 
04:21:37  12.4   0.0   0.1  87.5   0.0    2     94    316    0    0    0  24.01 
04:21:38  12.4   0.0   0.1  87.5   0.0    2    161    343    0    0    0  24.10 
04:21:39  12.5   0.0   0.1  87.1   0.2    2    127    345    0    0    0  24.08 
04:21:40  12.5   0.0   0.0  87.5   0.0    2     95    319    0    0    0  24.08 
04:21:41  12.5   0.0   0.1  87.4   0.0    2    174    360    1    0    1  24.18 
04:21:42  12.5   0.0   0.0  87.5   0.0    2    136    334    0    0    0  24.26 
04:21:43  12.4   0.0   0.1  87.5   0.0    2    133    338    0    0    0  24.15 
04:21:44  12.4   0.0   0.2  87.4   0.0    2     92    319    0    0    0  24.36 
04:21:45  12.5   0.0   0.0  87.5   0.0    2    110    341    0    0    0  24.92 
-------- ----- ----- ----- ----- ----- ---- ------ ------ ---- ---- ---- ------ 
 Average  12.3   0.0   0.2  87.4   0.0  2.0  136.3  347.0  0.2  0.0  0.2  23.99 
 GeoMean  12.3   0.0   0.0  87.4   0.0  2.0  129.2  345.5  0.0  0.0  0.0  23.96 
  StdDev   0.3   0.0   0.3   0.1   0.1  0.0   53.8   34.5  0.5  0.2  0.5   1.16 
-------- ----- ----- ----- ----- ----- ---- ------ ------ ---- ---- ---- ------ 
 Minimum  11.2   0.0   0.0  87.1   0.0  2.0   92.0  312.0  0.0  0.0  0.0  21.13 
 Maximum  12.5   0.0   1.4  87.5   0.2  2.0  343.0  428.0  2.0  1.0  2.0  25.89 
-------- ----- ----- ----- ----- ----- ---- ------ ------ ---- ---- ---- ------ 
Summary:
CPU:  23.99 Watts on average with standard deviation 1.16  
Note: power read from RAPL domains: dram, package-0, core.
These readings do not cover all the hardware in this device.
