Running for 60.0 seconds (60 samples at 1.0 second intervals).
Power measurements will start in 0 seconds time.

  Time    User  Nice   Sys  Idle    IO  Run Ctxt/s  IRQ/s Fork Exec Exit  Watts
04:41:47  12.1   0.0   0.4  87.4   0.1    2    122    345    0    0    0  21.35 
04:41:48  12.5   0.0   0.1  87.4   0.0    2    114    324    0    0    0  21.39 
04:41:49  10.9   0.0   1.6  87.5   0.0    2    130    345    0    0    0  22.05 
04:41:50  12.2   0.0   0.2  87.5   0.0    2    114    324    0    0    0  24.50 
04:41:51  12.5   0.0   0.1  87.4   0.0    2    207    382    1    0    1  24.23 
04:41:52  12.2   0.0   0.2  87.2   0.2    2    121    328    0    0    0  23.97 
04:41:53  12.5   0.0   0.1  87.4   0.0    2    119    326    0    0    0  24.53 
04:41:54  12.3   0.0   0.3  87.5   0.0    2    104    325    0    0    0  24.72 
04:41:55  12.4   0.0   0.2  87.4   0.0    2    170    385    2    1    0  24.89 
04:41:56  12.5   0.0   0.0  87.5   0.0    2    232    364    0    0    0  25.01 
04:41:57  12.4   0.0   0.1  87.5   0.0    2    142    324    0    0    0  24.81 
04:41:58  12.5   0.0   0.1  87.4   0.0    2    223    427    0    0    2  24.23 
04:41:59  12.5   0.0   0.0  87.5   0.0    2     94    306    0    0    0  24.17 
04:42:00  12.4   0.0   0.1  87.5   0.0    2    127    330    0    0    0  24.17 
04:42:01  12.5   0.0   0.2  87.2   0.0    2    296    461    4    4    4  24.41 
04:42:02  12.4   0.0   0.1  87.5   0.0    2    126    326    0    0    0  24.22 
04:42:03  12.5   0.0   0.1  87.4   0.0    2    164    402    2    1    0  24.27 
04:42:04  12.5   0.0   0.0  87.5   0.0    2    140    353    0    0    0  24.25 
04:42:05  12.5   0.0   0.0  87.5   0.0    2    122    345    0    0    0  24.15 
04:42:06  12.3   0.0   0.3  87.5   0.0    2    164    413    0    0    2  24.52 
04:42:07  12.5   0.0   0.0  87.4   0.1    2    108    326    0    0    0  24.91 
-------- ----- ----- ----- ----- ----- ---- ------ ------ ---- ---- ---- ------ 
 Average  12.3   0.0   0.2  87.4   0.0  2.0  149.5  355.3  0.4  0.3  0.4  24.04 
 GeoMean  12.3   0.0   0.0  87.4   0.0  2.0  142.8  353.2  0.0  0.0  0.0  24.01 
  StdDev   0.3   0.0   0.3   0.1   0.1  0.0   49.8   40.3  1.0  0.9  1.0   1.04 
-------- ----- ----- ----- ----- ----- ---- ------ ------ ---- ---- ---- ------ 
 Minimum  10.9   0.0   0.0  87.2   0.0  2.0   94.0  306.0  0.0  0.0  0.0  21.35 
 Maximum  12.5   0.0   1.6  87.5   0.2  2.0  296.0  461.0  4.0  4.0  4.0  25.01 
-------- ----- ----- ----- ----- ----- ---- ------ ------ ---- ---- ---- ------ 
Summary:
CPU:  24.04 Watts on average with standard deviation 1.04  
Note: power read from RAPL domains: dram, package-0, core.
These readings do not cover all the hardware in this device.
