Running for 60.0 seconds (60 samples at 1.0 second intervals).
Power measurements will start in 0 seconds time.

  Time    User  Nice   Sys  Idle    IO  Run Ctxt/s  IRQ/s Fork Exec Exit  Watts
04:30:55  12.1   0.0   0.5  87.4   0.0    2    120    339    0    0    0  21.10 
04:30:56  12.2   0.0   0.2  87.5   0.0    2    107    322    0    0    0  21.32 
04:30:57  11.4   0.0   1.2  87.4   0.0    2    166    404    2    1    0  22.25 
04:30:58  12.4   0.0   0.2  87.1   0.2    2    284    405    0    0    0  25.16 
04:30:59  12.2   0.0   0.4  87.4   0.0    2     93    307    0    0    0  24.29 
04:31:00  12.3   0.0   0.3  87.5   0.0    2    188    404    0    0    2  24.05 
04:31:01  12.4   0.0   0.1  87.5   0.0    2    258    420    4    4    4  26.00 
04:31:02  12.4   0.0   0.1  87.5   0.0    2    120    321    0    0    0  24.76 
04:31:03  12.4   0.0   0.1  87.5   0.0    2    165    365    0    0    0  24.81 
04:31:04  12.4   0.0   0.1  87.2   0.2    2    123    338    0    0    0  24.91 
04:31:05  12.4   0.0   0.3  87.4   0.0    2    287    477    2    1    0  24.96 
04:31:06  12.5   0.0   0.1  87.4   0.0    2    120    358    0    0    0  24.17 
04:31:07  12.3   0.0   0.1  87.6   0.0    2    171    409    0    0    2  24.01 
04:31:08  12.5   0.0   0.1  87.4   0.0    2    173    400    2    1    0  24.13 
04:31:09  12.5   0.0   0.1  87.4   0.0    2    134    340    0    0    0  24.05 
04:31:10  12.5   0.0   0.2  87.2   0.0    2    165    414    2    1    0  24.13 
04:31:11  12.5   0.0   0.0  87.4   0.1    2    351    411    1    0    1  24.17 
04:31:12  12.5   0.0   0.0  87.5   0.0    2    157    396    0    0    2  24.06 
04:31:13  12.2   0.0   0.2  87.2   0.2    2    207    594    0    0    2  24.35 
04:31:14  12.2   0.0   0.2  87.5   0.0    2    102    317    0    0    0  24.31 
04:31:15  12.2   0.0   0.2  87.5   0.0    2     96    316    0    0    0  24.91 
-------- ----- ----- ----- ----- ----- ---- ------ ------ ---- ---- ---- ------ 
 Average  12.3   0.0   0.2  87.4   0.0  2.0  170.8  383.7  0.6  0.4  0.6  24.09 
 GeoMean  12.3   0.0   0.0  87.4   0.0  2.0  158.9  378.8  0.0  0.0  0.0  24.06 
  StdDev   0.2   0.0   0.3   0.1   0.1  0.0   69.0   64.7  1.1  0.9  1.1   1.16 
-------- ----- ----- ----- ----- ----- ---- ------ ------ ---- ---- ---- ------ 
 Minimum  11.4   0.0   0.0  87.1   0.0  2.0   93.0  307.0  0.0  0.0  0.0  21.10 
 Maximum  12.5   0.0   1.2  87.6   0.2  2.0  351.0  594.0  4.0  4.0  4.0  26.00 
-------- ----- ----- ----- ----- ----- ---- ------ ------ ---- ---- ---- ------ 
Summary:
CPU:  24.09 Watts on average with standard deviation 1.16  
Note: power read from RAPL domains: dram, package-0, core.
These readings do not cover all the hardware in this device.
