Running for 60.0 seconds (60 samples at 1.0 second intervals).
Power measurements will start in 0 seconds time.

  Time    User  Nice   Sys  Idle    IO  Run Ctxt/s  IRQ/s Fork Exec Exit  Watts
03:48:51  12.1   0.0   0.4  87.5   0.0    2    195    377    1    0    1  21.75 
03:48:52  12.1   0.0   0.3  87.6   0.0    2    129    331    0    0    0  21.51 
03:48:53  11.1   0.0   1.4  87.5   0.0    2    114    310    0    0    0  22.17 
03:48:54  12.4   0.0   0.2  87.4   0.0    2    118    329    0    0    0  24.55 
03:48:55  12.4   0.0   0.1  87.5   0.0    2    103    306    0    0    0  24.30 
03:48:56  12.2   0.0   0.4  87.4   0.0    2    160    394    2    1    0  24.03 
03:48:57  12.5   0.0   0.1  87.4   0.0    2    155    338    0    0    0  24.67 
03:48:58  12.1   0.0   0.3  87.6   0.0    2    100    313    0    0    0  24.85 
03:48:59  12.4   0.0   0.2  87.4   0.0    2    192    396    0    0    2  24.87 
03:49:00  12.4   0.0   0.0  87.6   0.0    2    135    325    0    0    0  25.02 
03:49:01  12.4   0.0   0.3  87.4   0.0    2    274    418    4    4    4  25.08 
03:49:02  12.2   0.0   0.4  87.4   0.0    2    121    320    0    0    0  24.16 
03:49:03  12.4   0.0   0.1  86.9   0.6    2    108    312    0    0    0  24.13 
03:49:04  12.3   0.0   0.1  87.6   0.0    2    129    334    0    0    0  24.13 
03:49:05  12.4   0.0   0.0  87.6   0.0    2    104    327    0    0    0  24.15 
03:49:06  12.5   0.0   0.0  87.5   0.0    2    100    328    0    0    0  24.24 
03:49:07  12.5   0.0   0.1  87.4   0.0    2    120    323    0    0    0  24.22 
03:49:08  12.4   0.0   0.1  87.5   0.0    2    118    337    0    0    0  24.27 
03:49:09  12.4   0.0   0.0  87.6   0.0    2    104    311    0    0    0  24.20 
03:49:10  12.5   0.0   0.1  87.4   0.0    2    119    324    0    0    0  24.59 
03:49:11  12.4   0.0   0.1  87.5   0.0    2    186    360    1    0    1  25.09 
-------- ----- ----- ----- ----- ----- ---- ------ ------ ---- ---- ---- ------ 
 Average  12.3   0.0   0.2  87.5   0.0  2.0  137.3  338.7  0.4  0.2  0.4  24.09 
 GeoMean  12.3   0.0   0.0  87.5   0.0  2.0  132.2  337.4  0.0  0.0  0.0  24.07 
  StdDev   0.3   0.0   0.3   0.2   0.1  0.0   42.3   30.9  0.9  0.9  0.9   0.99 
-------- ----- ----- ----- ----- ----- ---- ------ ------ ---- ---- ---- ------ 
 Minimum  11.1   0.0   0.0  86.9   0.0  2.0  100.0  306.0  0.0  0.0  0.0  21.51 
 Maximum  12.5   0.0   1.4  87.6   0.6  2.0  274.0  418.0  4.0  4.0  4.0  25.09 
-------- ----- ----- ----- ----- ----- ---- ------ ------ ---- ---- ---- ------ 
Summary:
CPU:  24.09 Watts on average with standard deviation 0.99  
Note: power read from RAPL domains: dram, package-0, core.
These readings do not cover all the hardware in this device.
