Running for 60.0 seconds (60 samples at 1.0 second intervals).
Power measurements will start in 0 seconds time.

  Time    User  Nice   Sys  Idle    IO  Run Ctxt/s  IRQ/s Fork Exec Exit  Watts
03:43:25  12.1   0.0   0.4  87.5   0.0    2    170    410    0    0    2  21.23 
03:43:26  12.4   0.0   0.1  87.5   0.0    2    103    313    0    0    0  21.54 
03:43:27  11.0   0.0   1.5  87.4   0.1    2    141    329    0    0    0  25.65 
03:43:28  12.1   0.0   0.4  87.5   0.0    2     92    316    0    0    0  24.59 
03:43:29  12.2   0.0   0.2  87.5   0.0    2    108    316    0    0    0  24.23 
03:43:30  12.3   0.0   0.3  87.5   0.0    2     92    313    0    0    0  24.04 
03:43:31  12.4   0.0   0.1  87.5   0.0    2    123    324    0    0    0  24.57 
03:43:32  12.5   0.0   0.0  87.2   0.2    2    193    377    1    0    1  24.76 
03:43:33  12.4   0.0   0.1  87.5   0.0    3    123    312    0    0    0  24.77 
03:43:34  12.2   0.0   0.2  87.5   0.0    2    107    320    0    0    0  24.95 
03:43:35  12.2   0.0   0.2  87.5   0.0    2    116    319    0    0    0  24.84 
03:43:36  12.4   0.0   0.2  87.4   0.0    2    118    415    0    0    0  24.22 
03:43:37  12.4   0.0   0.1  87.2   0.3    2    131    320    0    0    0  24.16 
03:43:38  12.5   0.0   0.0  87.5   0.0    2     88    309    0    0    0  24.18 
03:43:39  12.3   0.0   0.1  87.6   0.0    2    116    324    0    0    0  24.18 
03:43:40  12.6   0.0   0.0  87.4   0.0    2    157    395    2    1    0  24.12 
03:43:41  12.5   0.0   0.1  87.4   0.0    2    140    339    0    0    0  23.99 
03:43:42  12.5   0.0   0.0  87.5   0.0    2    191    361    1    0    1  24.82 
03:43:43  12.4   0.0   0.1  87.5   0.0    2    224    431    0    0    2  24.23 
03:43:44  12.5   0.0   0.1  87.4   0.0    2    112    325    0    0    0  24.44 
03:43:45  12.5   0.0   0.0  87.5   0.0    2    102    315    0    0    0  24.98 
-------- ----- ----- ----- ----- ----- ---- ------ ------ ---- ---- ---- ------ 
 Average  12.3   0.0   0.2  87.4   0.0  2.0  130.8  342.0  0.2  0.0  0.3  24.21 
 GeoMean  12.3   0.0   0.0  87.4   0.0  2.0  126.5  340.1  0.0  0.0  0.0  24.19 
  StdDev   0.3   0.0   0.3   0.1   0.1  0.2   36.0   38.2  0.5  0.2  0.6   1.00 
-------- ----- ----- ----- ----- ----- ---- ------ ------ ---- ---- ---- ------ 
 Minimum  11.0   0.0   0.0  87.2   0.0  2.0   88.0  309.0  0.0  0.0  0.0  21.23 
 Maximum  12.6   0.0   1.5  87.6   0.3  3.0  224.0  431.0  2.0  1.0  2.0  25.65 
-------- ----- ----- ----- ----- ----- ---- ------ ------ ---- ---- ---- ------ 
Summary:
CPU:  24.21 Watts on average with standard deviation 1.00  
Note: power read from RAPL domains: dram, package-0, core.
These readings do not cover all the hardware in this device.
