Running for 60.0 seconds (60 samples at 1.0 second intervals).
Power measurements will start in 0 seconds time.

  Time    User  Nice   Sys  Idle    IO  Run Ctxt/s  IRQ/s Fork Exec Exit  Watts
03:47:29  12.1   0.0   0.4  87.5   0.0    2    105    341    0    0    0  21.08 
03:47:30  12.2   0.0   0.2  87.5   0.0    2    124    329    0    0    0  21.35 
03:47:31  11.6   0.0   0.9  87.5   0.0    2    147    335    0    0    0  22.26 
03:47:32  12.3   0.0   0.1  87.6   0.0    2    175    351    1    0    1  25.02 
03:47:33  12.2   0.0   0.2  87.5   0.0    2    116    326    0    0    0  24.40 
03:47:34  12.4   0.0   0.2  86.4   1.0    2    140    344    0    0    0  24.14 
03:47:35  12.2   0.0   0.2  87.5   0.0    2    116    328    0    0    0  24.70 
03:47:36  12.2   0.0   0.2  87.5   0.0    2    101    316    0    0    0  24.91 
03:47:37  12.3   0.0   0.3  87.5   0.0    2    100    303    0    0    0  24.96 
03:47:38  12.5   0.0   0.1  87.4   0.0    2    116    322    0    0    0  24.97 
03:47:39  12.4   0.0   0.1  87.5   0.0    2    132    332    0    0    0  24.88 
03:47:40  12.5   0.0   0.0  87.5   0.0    2     97    310    0    0    0  24.18 
03:47:41  12.5   0.0   0.1  87.4   0.0    2    150    326    0    0    0  24.18 
03:47:42  12.4   0.0   0.1  87.5   0.0    2    187    365    1    0    1  24.26 
03:47:43  12.5   0.0   0.0  87.5   0.0    2    135    336    0    0    0  24.08 
03:47:44  12.4   0.0   0.2  87.4   0.0    2    108    310    0    0    0  24.14 
03:47:45  12.5   0.0   0.0  87.5   0.0    2     88    304    0    0    0  24.17 
03:47:46  12.5   0.0   0.0  87.5   0.0    2    110    317    0    0    0  24.23 
03:47:47  12.4   0.0   0.1  86.4   1.1    2    129    323    0    0    0  24.12 
03:47:48  12.4   0.0   0.0  87.6   0.0    2     98    313    0    0    0  24.23 
03:47:49  12.5   0.0   0.1  87.4   0.0    2     88    304    0    0    0  24.92 
-------- ----- ----- ----- ----- ----- ---- ------ ------ ---- ---- ---- ------ 
 Average  12.3   0.0   0.2  87.4   0.1  2.0  122.0  325.5  0.1  0.0  0.1  24.06 
 GeoMean  12.3   0.0   0.0  87.4   0.0  2.0  119.4  325.1  0.0  0.0  0.0  24.03 
  StdDev   0.2   0.0   0.2   0.3   0.3  0.0   26.1   15.9  0.3  0.0  0.3   1.09 
-------- ----- ----- ----- ----- ----- ---- ------ ------ ---- ---- ---- ------ 
 Minimum  11.6   0.0   0.0  86.4   0.0  2.0   88.0  303.0  0.0  0.0  0.0  21.08 
 Maximum  12.5   0.0   0.9  87.6   1.1  2.0  187.0  365.0  1.0  0.0  1.0  25.02 
-------- ----- ----- ----- ----- ----- ---- ------ ------ ---- ---- ---- ------ 
Summary:
CPU:  24.06 Watts on average with standard deviation 1.09  
Note: power read from RAPL domains: dram, package-0, core.
These readings do not cover all the hardware in this device.
