Running for 60.0 seconds (60 samples at 1.0 second intervals).
Power measurements will start in 0 seconds time.

  Time    User  Nice   Sys  Idle    IO  Run Ctxt/s  IRQ/s Fork Exec Exit  Watts
04:22:47  12.1   0.0   0.4  87.5   0.0    2    126    438    0    0    0  21.79 
04:22:48  12.4   0.0   0.1  87.5   0.0    2    139    341    0    0    0  21.49 
04:22:49  11.4   0.0   1.2  87.4   0.0    2    129    319    0    0    0  22.28 
04:22:50  12.1   0.0   0.3  87.6   0.0    2     96    316    0    0    0  24.52 
04:22:51  12.2   0.0   0.4  87.4   0.0    2    105    310    0    0    0  24.17 
04:22:52  12.3   0.0   0.3  86.2   1.3    2    227    412    1    0    1  24.29 
04:22:53  12.2   0.0   0.2  87.5   0.0    2     98    308    0    0    0  24.79 
04:22:54  12.4   0.0   0.1  87.5   0.0    2    113    330    0    0    0  24.73 
04:22:55  12.4   0.0   0.1  87.5   0.0    2    127    318    0    0    0  24.68 
04:22:56  12.2   0.0   0.2  87.5   0.0    2    116    340    0    0    0  24.54 
04:22:57  12.5   0.0   0.1  87.0   0.4    2    115    316    0    0    0  24.82 
04:22:58  12.3   0.0   0.1  87.6   0.0    2    120    318    0    0    0  24.18 
04:22:59  12.4   0.0   0.1  87.5   0.0    2    118    318    0    0    0  23.98 
04:23:00  12.4   0.0   0.2  87.4   0.0    2    112    322    0    0    0  24.04 
04:23:01  12.3   0.0   0.1  87.6   0.0    2     93    311    0    0    0  24.01 
04:23:02  12.5   0.0   0.1  87.0   0.4    2    292    424    4    4    4  24.24 
04:23:03  12.5   0.0   0.0  87.5   0.0    2    109    315    0    0    0  23.18 
04:23:04  12.5   0.0   0.0  87.5   0.0    2    116    337    0    0    0  23.09 
04:23:05  12.4   0.0   0.2  87.4   0.0    2    100    304    0    0    0  23.27 
04:23:06  12.4   0.0   0.0  87.6   0.0    2    102    360    0    0    0  24.11 
04:23:07  12.2   0.0   0.4  86.1   1.2    2    141    347    0    0    0  24.62 
-------- ----- ----- ----- ----- ----- ---- ------ ------ ---- ---- ---- ------ 
 Average  12.3   0.0   0.2  87.3   0.2  2.0  128.3  338.3  0.2  0.2  0.2  23.85 
 GeoMean  12.3   0.0   0.0  87.3   0.0  2.0  122.9  336.4  0.0  0.0  0.0  23.83 
  StdDev   0.2   0.0   0.3   0.4   0.4  0.0   45.6   38.0  0.9  0.9  0.9   0.96 
-------- ----- ----- ----- ----- ----- ---- ------ ------ ---- ---- ---- ------ 
 Minimum  11.4   0.0   0.0  86.1   0.0  2.0   93.0  304.0  0.0  0.0  0.0  21.49 
 Maximum  12.5   0.0   1.2  87.6   1.3  2.0  292.0  438.0  4.0  4.0  4.0  24.82 
-------- ----- ----- ----- ----- ----- ---- ------ ------ ---- ---- ---- ------ 
Summary:
CPU:  23.85 Watts on average with standard deviation 0.96  
Note: power read from RAPL domains: dram, package-0, core.
These readings do not cover all the hardware in this device.
