Running for 60.0 seconds (60 samples at 1.0 second intervals).
Power measurements will start in 0 seconds time.

  Time    User  Nice   Sys  Idle    IO  Run Ctxt/s  IRQ/s Fork Exec Exit  Watts
03:31:12  12.3   0.0   0.1  87.6   0.0    2    191    393    1    0    1  21.04 
03:31:13  12.4   0.0   0.2  87.4   0.0    2    119    377    0    0    0  21.27 
03:31:14  11.1   0.0   1.3  87.6   0.0    2    120    328    0    0    0  23.03 
03:31:15  12.4   0.0   0.2  87.4   0.0    2    116    319    0    0    0  24.51 
03:31:16  12.1   0.0   0.3  87.6   0.0    2     88    305    0    0    0  25.39 
03:31:17  12.4   0.0   0.2  86.3   1.1    2    141    348    0    0    0  23.97 
03:31:18  12.4   0.0   0.1  87.5   0.0    2    127    329    0    0    0  24.50 
03:31:19  12.4   0.0   0.1  87.5   0.0    2    108    320    0    0    0  24.73 
03:31:20  12.4   0.0   0.1  87.5   0.0    2     90    313    0    0    0  26.01 
03:31:21  12.5   0.0   0.1  87.4   0.0    2    108    317    0    0    0  24.96 
03:31:22  12.5   0.0   0.1  87.4   0.0    2    184    378    1    0    1  24.86 
03:31:23  12.5   0.0   0.3  87.2   0.0    2    300    454    2    1    0  24.21 
03:31:24  12.4   0.0   0.1  87.5   0.0    2     95    316    0    0    0  24.02 
03:31:25  12.6   0.0   0.1  87.3   0.0    2    173    409    0    0    2  24.06 
03:31:26  12.5   0.0   0.0  87.5   0.0    2    112    326    0    0    0  23.98 
03:31:27  12.5   0.0   0.0  86.2   1.2    2    119    325    0    0    0  24.16 
03:31:28  12.5   0.0   0.1  87.4   0.0    2    112    326    0    0    0  24.16 
03:31:29  12.5   0.0   0.0  87.5   0.0    2     90    309    0    0    0  24.17 
03:31:30  12.4   0.0   0.1  87.5   0.0    2    284    430    2    1    0  24.18 
03:31:31  12.4   0.0   0.1  87.5   0.0    2    114    328    0    0    0  24.49 
03:31:32  12.5   0.0   0.1  87.4   0.0    2    260    448    1    0    3  25.00 
-------- ----- ----- ----- ----- ----- ---- ------ ------ ---- ---- ---- ------ 
 Average  12.4   0.0   0.2  87.3   0.1  2.0  145.3  352.3  0.3  0.1  0.3  24.13 
 GeoMean  12.4   0.0   0.0  87.3   0.0  2.0  134.9  349.4  0.0  0.0  0.0  24.10 
  StdDev   0.3   0.0   0.2   0.4   0.3  0.0   62.4   46.8  0.6  0.3  0.8   1.13 
-------- ----- ----- ----- ----- ----- ---- ------ ------ ---- ---- ---- ------ 
 Minimum  11.1   0.0   0.0  86.2   0.0  2.0   88.0  305.0  0.0  0.0  0.0  21.04 
 Maximum  12.6   0.0   1.3  87.6   1.2  2.0  300.0  454.0  2.0  1.0  3.0  26.01 
-------- ----- ----- ----- ----- ----- ---- ------ ------ ---- ---- ---- ------ 
Summary:
CPU:  24.13 Watts on average with standard deviation 1.13  
Note: power read from RAPL domains: dram, package-0, core.
These readings do not cover all the hardware in this device.
