Running for 60.0 seconds (60 samples at 1.0 second intervals).
Power measurements will start in 0 seconds time.

  Time    User  Nice   Sys  Idle    IO  Run Ctxt/s  IRQ/s Fork Exec Exit  Watts
03:56:59  12.4   0.0   0.2  87.4   0.0    2    116    352    0    0    0  21.16 
03:57:00  12.2   0.0   0.2  87.5   0.0    2    138    348    0    0    0  21.39 
03:57:01  11.5   0.0   1.0  87.5   0.0    2    199    385    0    0    2  22.24 
03:57:02  12.3   0.0   0.3  87.5   0.0    2    160    358    1    0    1  24.79 
03:57:03  12.4   0.0   0.1  87.2   0.2    2    136    327    0    0    0  24.51 
03:57:04  12.1   0.0   0.5  87.4   0.0    2    106    330    0    0    0  24.12 
03:57:05  12.2   0.0   0.2  87.5   0.0    2    108    413    0    0    0  25.03 
03:57:06  12.0   0.0   0.4  87.6   0.0    2     92    317    0    0    0  24.93 
03:57:07  12.4   0.0   0.2  87.4   0.0    2    107    311    0    0    0  24.99 
03:57:08  12.4   0.0   0.1  87.5   0.0    2    120    325    0    0    0  25.02 
03:57:09  12.4   0.0   0.1  87.5   0.0    2     98    318    0    0    0  24.95 
03:57:10  12.4   0.0   0.1  87.1   0.4    2    103    319    0    0    0  24.41 
03:57:11  12.5   0.0   0.0  87.5   0.0    2    110    314    0    0    0  24.14 
03:57:12  12.5   0.0   0.3  87.2   0.0    2    342    480    3    1    1  24.42 
03:57:13  12.4   0.0   0.1  87.5   0.0    2    109    321    0    0    0  24.20 
03:57:14  12.6   0.0   0.0  87.4   0.0    2    176    398    0    0    2  24.19 
03:57:15  12.5   0.0   0.0  87.5   0.0    2    220    439    2    1    0  24.30 
03:57:16  12.5   0.0   0.0  87.5   0.0    2    132    350    1    0    0  24.19 
03:57:17  12.5   0.0   0.1  87.4   0.0    2    199    420    0    0    2  24.25 
03:57:18  12.3   0.0   0.1  87.6   0.0    2    133    324    0    0    0  24.43 
03:57:19  12.5   0.0   0.0  87.5   0.0    2    139    341    0    0    0  24.88 
-------- ----- ----- ----- ----- ----- ---- ------ ------ ---- ---- ---- ------ 
 Average  12.3   0.0   0.2  87.4   0.0  2.0  144.9  356.7  0.3  0.1  0.4  24.12 
 GeoMean  12.3   0.0   0.0  87.4   0.0  2.0  136.9  353.9  0.0  0.0  0.0  24.09 
  StdDev   0.2   0.0   0.2   0.1   0.1  0.0   56.5   46.5  0.8  0.3  0.7   1.09 
-------- ----- ----- ----- ----- ----- ---- ------ ------ ---- ---- ---- ------ 
 Minimum  11.5   0.0   0.0  87.1   0.0  2.0   92.0  311.0  0.0  0.0  0.0  21.16 
 Maximum  12.6   0.0   1.0  87.6   0.4  2.0  342.0  480.0  3.0  1.0  2.0  25.03 
-------- ----- ----- ----- ----- ----- ---- ------ ------ ---- ---- ---- ------ 
Summary:
CPU:  24.12 Watts on average with standard deviation 1.09  
Note: power read from RAPL domains: dram, package-0, core.
These readings do not cover all the hardware in this device.
