Running for 60.0 seconds (60 samples at 1.0 second intervals).
Power measurements will start in 0 seconds time.

  Time    User  Nice   Sys  Idle    IO  Run Ctxt/s  IRQ/s Fork Exec Exit  Watts
03:32:33  12.2   0.0   0.2  87.5   0.0    2    136    337    0    0    0  21.09 
03:32:34  12.4   0.0   0.2  87.4   0.0    2    141    352    0    0    0  21.22 
03:32:35  11.0   0.0   1.5  86.4   1.1    2    142    334    0    0    0  21.78 
03:32:36  12.2   0.0   0.2  87.5   0.0    2    105    325    0    0    0  24.44 
03:32:37  12.2   0.0   0.2  87.5   0.0    2    115    310    0    0    0  24.23 
03:32:38  12.2   0.0   0.3  87.6   0.0    2    134    348    0    0    0  23.88 
03:32:39  12.4   0.0   0.1  87.5   0.0    2    136    338    0    0    0  24.47 
03:32:40  12.4   0.0   0.1  87.5   0.0    2    114    339    0    0    0  24.72 
03:32:41  12.4   0.0   0.1  87.5   0.0    2    118    321    0    0    0  24.83 
03:32:42  12.2   0.0   0.2  87.5   0.0    2    216    395    1    0    1  24.93 
03:32:43  12.5   0.0   0.1  84.8   2.6    2    279    420    1    0    1  24.99 
03:32:44  12.4   0.0   0.1  87.5   0.0    2    114    327    0    0    0  24.15 
03:32:45  12.4   0.0   0.1  87.5   0.0    2     93    309    0    0    0  24.07 
03:32:46  12.4   0.0   0.1  87.5   0.0    2    139    347    0    0    0  24.09 
03:32:47  12.4   0.0   0.0  87.6   0.0    2    102    315    0    0    0  24.08 
03:32:48  12.5   0.0   0.1  87.4   0.0    2     96    318    0    0    0  24.21 
03:32:49  12.5   0.0   0.0  87.5   0.0    2    110    321    0    0    0  24.18 
03:32:50  12.5   0.0   0.0  87.5   0.0    2    112    332    0    0    0  24.26 
03:32:51  12.5   0.0   0.0  87.5   0.0    2    128    328    0    0    0  24.13 
03:32:52  12.4   0.0   0.1  86.4   1.1    2    205    381    1    0    1  24.51 
03:32:53  12.4   0.0   0.1  87.5   0.0    2    108    314    0    0    0  24.91 
-------- ----- ----- ----- ----- ----- ---- ------ ------ ---- ---- ---- ------ 
 Average  12.3   0.0   0.2  87.3   0.2  2.0  135.4  338.6  0.1  0.0  0.1  23.96 
 GeoMean  12.3   0.0   0.0  87.3   0.0  2.0  129.9  337.6  0.0  0.0  0.0  23.93 
  StdDev   0.3   0.0   0.3   0.7   0.6  0.0   44.2   27.9  0.3  0.0  0.3   1.11 
-------- ----- ----- ----- ----- ----- ---- ------ ------ ---- ---- ---- ------ 
 Minimum  11.0   0.0   0.0  84.8   0.0  2.0   93.0  309.0  0.0  0.0  0.0  21.09 
 Maximum  12.5   0.0   1.5  87.6   2.6  2.0  279.0  420.0  1.0  0.0  1.0  24.99 
-------- ----- ----- ----- ----- ----- ---- ------ ------ ---- ---- ---- ------ 
Summary:
CPU:  23.96 Watts on average with standard deviation 1.11  
Note: power read from RAPL domains: dram, package-0, core.
These readings do not cover all the hardware in this device.
