Running for 60.0 seconds (60 samples at 1.0 second intervals).
Power measurements will start in 0 seconds time.

  Time    User  Nice   Sys  Idle    IO  Run Ctxt/s  IRQ/s Fork Exec Exit  Watts
03:51:33  12.1   0.0   0.5  87.4   0.0    2    180    413    2    1    0  21.19 
03:51:34  12.1   0.0   0.4  87.5   0.0    2    253    367    0    0    0  21.40 
03:51:35  11.4   0.0   1.1  87.5   0.0    2    124    318    0    0    0  21.95 
03:51:36  12.3   0.0   0.3  87.5   0.0    2    187    411    0    0    2  24.54 
03:51:37  12.2   0.0   0.4  87.1   0.2    2    170    382    2    1    0  24.31 
03:51:38  12.2   0.0   0.4  87.4   0.0    2    166    358    0    0    0  24.01 
03:51:39  12.4   0.0   0.1  87.5   0.0    2    111    322    0    0    0  24.49 
03:51:40  12.4   0.0   0.1  87.5   0.0    2    176    405    0    0    2  24.73 
03:51:41  12.4   0.0   0.2  87.4   0.0    2    220    392    1    0    1  24.88 
03:51:42  12.4   0.0   0.1  87.5   0.0    2    146    341    0    0    0  24.89 
03:51:43  12.4   0.0   0.1  87.5   0.0    2    138    332    0    0    0  24.79 
03:51:44  12.4   0.0   0.1  87.2   0.2    2    105    328    0    0    0  24.12 
03:51:45  12.5   0.0   0.1  87.4   0.0    2     92    312    0    0    0  24.02 
03:51:46  12.4   0.0   0.1  87.5   0.0    2    104    324    0    0    0  24.01 
03:51:47  12.5   0.0   0.1  87.4   0.0    2    161    367    0    0    0  25.37 
03:51:48  12.4   0.0   0.0  87.6   0.0    2    102    314    0    0    0  24.79 
03:51:49  12.5   0.0   0.1  87.4   0.0    2     96    309    0    0    0  24.17 
03:51:50  12.4   0.0   0.1  87.5   0.0    2    135    379    2    1    0  24.26 
03:51:51  12.6   0.0   0.1  87.2   0.0    2    219    395    1    0    1  24.21 
03:51:52  12.4   0.0   0.1  87.1   0.4    2    144    343    0    0    0  24.54 
03:51:53  12.4   0.0   0.2  87.4   0.0    2    121    323    0    0    0  24.90 
-------- ----- ----- ----- ----- ----- ---- ------ ------ ---- ---- ---- ------ 
 Average  12.3   0.0   0.2  87.4   0.0  2.0  150.0  354.0  0.4  0.1  0.3  24.08 
 GeoMean  12.3   0.0   0.0  87.4   0.0  2.0  144.0  352.4  0.0  0.0  0.0  24.05 
  StdDev   0.2   0.0   0.2   0.1   0.1  0.0   43.7   34.7  0.7  0.3  0.6   1.11 
-------- ----- ----- ----- ----- ----- ---- ------ ------ ---- ---- ---- ------ 
 Minimum  11.4   0.0   0.0  87.1   0.0  2.0   92.0  309.0  0.0  0.0  0.0  21.19 
 Maximum  12.6   0.0   1.1  87.6   0.4  2.0  253.0  413.0  2.0  1.0  2.0  25.37 
-------- ----- ----- ----- ----- ----- ---- ------ ------ ---- ---- ---- ------ 
Summary:
CPU:  24.08 Watts on average with standard deviation 1.11  
Note: power read from RAPL domains: dram, package-0, core.
These readings do not cover all the hardware in this device.
