Running for 60.0 seconds (60 samples at 1.0 second intervals).
Power measurements will start in 0 seconds time.

  Time    User  Nice   Sys  Idle    IO  Run Ctxt/s  IRQ/s Fork Exec Exit  Watts
03:35:16  12.1   0.0   0.4  87.5   0.0    2    102    339    0    0    0  21.13 
03:35:17  12.2   0.0   0.2  86.5   1.0    2    166    339    0    0    0  21.28 
03:35:18  11.2   0.0   1.2  87.5   0.0    2    104    315    0    0    0  22.12 
03:35:19  12.1   0.0   0.4  87.5   0.0    2    138    349    0    0    0  24.74 
03:35:20  12.1   0.0   0.4  87.5   0.0    2     97    312    0    0    0  24.73 
03:35:21  12.2   0.0   0.2  87.5   0.0    2     94    315    0    0    0  24.15 
03:35:22  12.1   0.0   0.4  87.5   0.0    2    188    365    1    0    2  24.74 
03:35:23  12.2   0.0   0.2  86.1   1.4    2    133    339    0    0    0  24.88 
03:35:24  12.4   0.0   0.1  87.5   0.0    2    125    326    0    0    0  24.91 
03:35:25  12.5   0.0   0.1  87.4   0.0    2    105    308    0    0    0  25.04 
03:35:26  12.2   0.0   0.2  87.5   0.0    2     96    316    0    0    0  24.86 
03:35:27  12.4   0.0   0.2  87.4   0.0    2    130    328    0    0    0  24.16 
03:35:28  12.4   0.0   0.0  87.6   0.0    2    115    324    0    0    0  24.09 
03:35:29  12.4   0.0   0.2  87.4   0.0    2    108    315    0    0    0  24.07 
03:35:30  12.5   0.0   0.0  87.5   0.0    2    138    474    3    1    0  25.25 
03:35:31  12.6   0.0   0.0  87.4   0.0    2    331    421    1    0    1  24.50 
03:35:32  12.4   0.0   0.1  87.5   0.0    2    104    317    0    0    0  24.20 
03:35:33  12.5   0.0   0.0  87.5   0.0    2    174    394    0    0    2  24.21 
03:35:34  12.3   0.0   0.3  87.5   0.0    2    113    328    0    0    0  24.06 
03:35:35  12.5   0.0   0.1  86.0   1.4    2    147    340    0    0    0  24.47 
03:35:36  12.5   0.0   0.0  87.5   0.0    2    126    386    2    1    0  24.97 
-------- ----- ----- ----- ----- ----- ---- ------ ------ ---- ---- ---- ------ 
 Average  12.3   0.0   0.2  87.3   0.2  2.0  135.0  345.2  0.3  0.1  0.2  24.12 
 GeoMean  12.3   0.0   0.0  87.3   0.0  2.0  128.5  343.1  0.0  0.0  0.0  24.09 
  StdDev   0.3   0.0   0.3   0.5   0.4  0.0   50.8   40.9  0.8  0.3  0.6   1.14 
-------- ----- ----- ----- ----- ----- ---- ------ ------ ---- ---- ---- ------ 
 Minimum  11.2   0.0   0.0  86.0   0.0  2.0   94.0  308.0  0.0  0.0  0.0  21.13 
 Maximum  12.6   0.0   1.2  87.6   1.4  2.0  331.0  474.0  3.0  1.0  2.0  25.25 
-------- ----- ----- ----- ----- ----- ---- ------ ------ ---- ---- ---- ------ 
Summary:
CPU:  24.12 Watts on average with standard deviation 1.14  
Note: power read from RAPL domains: dram, package-0, core.
These readings do not cover all the hardware in this device.
