Running for 60.0 seconds (60 samples at 1.0 second intervals).
Power measurements will start in 0 seconds time.

  Time    User  Nice   Sys  Idle    IO  Run Ctxt/s  IRQ/s Fork Exec Exit  Watts
03:36:37  12.1   0.0   0.4  87.4   0.1    2    130    340    0    0    0  21.13 
03:36:38  12.4   0.0   0.1  87.5   0.0    2    125    321    0    0    0  21.28 
03:36:39  11.4   0.0   1.2  87.4   0.0    2    112    316    0    0    0  22.12 
03:36:40  12.1   0.0   0.4  87.5   0.0    2    112    327    0    0    0  24.51 
03:36:41  12.2   0.0   0.4  87.4   0.0    2    210    378    1    0    1  24.22 
03:36:42  12.2   0.0   0.4  87.1   0.2    2    227    414    1    0    1  24.00 
03:36:43  12.4   0.0   0.1  87.5   0.0    2    116    322    0    0    0  24.52 
03:36:44  12.2   0.0   0.2  87.5   0.0    2    115    321    0    0    0  24.75 
03:36:45  12.4   0.0   0.1  87.5   0.0    2     92    300    0    0    0  24.77 
03:36:46  12.4   0.0   0.1  87.5   0.0    2    109    319    0    0    0  24.92 
03:36:47  12.4   0.0   0.2  87.4   0.0    2    110    323    0    0    0  24.89 
03:36:48  12.4   0.0   0.0  87.5   0.1    2    116    321    0    0    0  24.08 
03:36:49  12.4   0.0   0.1  87.5   0.0    2     92    301    0    0    0  24.02 
03:36:50  12.4   0.0   0.1  87.5   0.0    2    105    319    0    0    0  24.06 
03:36:51  12.6   0.0   0.2  87.1   0.0    2    244    402    1    0    1  24.77 
03:36:52  12.4   0.0   0.0  87.6   0.0    2    109    312    0    0    0  23.35 
03:36:53  12.5   0.0   0.1  87.4   0.0    2    114    316    0    0    0  23.34 
03:36:54  12.4   0.0   0.1  87.5   0.0    2    131    331    0    0    0  23.36 
03:36:55  12.4   0.0   0.0  87.6   0.0    2    102    311    0    0    0  23.77 
03:36:56  12.4   0.0   0.2  87.1   0.2    2    107    319    0    0    0  24.07 
03:36:57  12.4   0.0   0.1  87.5   0.0    2    173    451    0    0    0  24.94 
-------- ----- ----- ----- ----- ----- ---- ------ ------ ---- ---- ---- ------ 
 Average  12.3   0.0   0.2  87.4   0.0  2.0  131.0  336.4  0.1  0.0  0.1  23.85 
 GeoMean  12.3   0.0   0.0  87.4   0.0  2.0  125.6  334.4  0.0  0.0  0.0  23.82 
  StdDev   0.2   0.0   0.3   0.1   0.1  0.0   42.7   39.0  0.3  0.0  0.3   1.09 
-------- ----- ----- ----- ----- ----- ---- ------ ------ ---- ---- ---- ------ 
 Minimum  11.4   0.0   0.0  87.1   0.0  2.0   92.0  300.0  0.0  0.0  0.0  21.13 
 Maximum  12.6   0.0   1.2  87.6   0.2  2.0  244.0  451.0  1.0  0.0  1.0  24.94 
-------- ----- ----- ----- ----- ----- ---- ------ ------ ---- ---- ---- ------ 
Summary:
CPU:  23.85 Watts on average with standard deviation 1.09  
Note: power read from RAPL domains: dram, package-0, core.
These readings do not cover all the hardware in this device.
