Running for 60.0 seconds (60 samples at 1.0 second intervals).
Power measurements will start in 0 seconds time.

  Time    User  Nice   Sys  Idle    IO  Run Ctxt/s  IRQ/s Fork Exec Exit  Watts
03:29:50  12.2   0.0   0.4  87.4   0.0    2    137    372    0    0    0  21.19 
03:29:51  12.2   0.0   0.2  87.5   0.0    2    217    374    1    0    1  21.92 
03:29:52  11.1   0.0   1.5  87.4   0.0    2    150    340    0    0    0  21.89 
03:29:53  12.1   0.0   0.4  87.5   0.0    3    112    317    0    0    0  24.53 
03:29:54  12.2   0.0   0.4  87.4   0.0    2    121    336    0    0    0  24.34 
03:29:55  12.0   0.0   0.6  86.4   1.0    2    125    320    0    0    0  23.97 
03:29:56  12.2   0.0   0.2  87.5   0.0    2    112    322    0    0    0  24.58 
03:29:57  12.6   0.0   0.1  87.2   0.0    2    188    414    2    1    0  24.93 
03:29:58  12.5   0.0   0.1  87.4   0.0    2    126    335    0    0    0  24.94 
03:29:59  12.4   0.0   0.1  87.5   0.0    2    188    395    0    0    2  25.00 
03:30:00  12.2   0.0   0.2  87.5   0.0    2    146    327    0    0    0  24.94 
03:30:01  12.5   0.0   0.1  87.4   0.0    2    187    487    1    0    1  24.45 
03:30:02  12.4   0.0   0.2  87.4   0.0    2    229    409    3    4    3  24.22 
03:30:03  12.5   0.0   0.1  87.1   0.2    3    177    354    0    0    0  24.18 
03:30:04  12.4   0.0   0.1  87.5   0.0    2     93    337    0    0    0  24.13 
03:30:05  12.5   0.0   0.1  87.4   0.0    2    106    324    0    0    0  23.61 
03:30:06  12.5   0.0   0.0  87.5   0.0    2    130    340    0    0    0  23.61 
03:30:07  12.5   0.0   0.1  87.4   0.0    2    100    347    0    0    0  23.64 
03:30:08  12.2   0.0   0.2  87.5   0.0    2    102    334    0    0    0  23.90 
03:30:09  12.2   0.0   0.4  87.4   0.0    2     82    306    0    0    0  24.14 
03:30:10  12.5   0.0   0.0  87.5   0.0    2    116    337    0    0    0  25.00 
-------- ----- ----- ----- ----- ----- ---- ------ ------ ---- ---- ---- ------ 
 Average  12.3   0.0   0.3  87.4   0.1  2.1  140.2  353.7  0.3  0.2  0.3  23.96 
 GeoMean  12.3   0.0   0.0  87.4   0.0  2.1  134.7  351.5  0.0  0.0  0.0  23.93 
  StdDev   0.3   0.0   0.3   0.2   0.2  0.3   40.8   41.6  0.8  0.9  0.8   1.04 
-------- ----- ----- ----- ----- ----- ---- ------ ------ ---- ---- ---- ------ 
 Minimum  11.1   0.0   0.0  86.4   0.0  2.0   82.0  306.0  0.0  0.0  0.0  21.19 
 Maximum  12.6   0.0   1.5  87.5   1.0  3.0  229.0  487.0  3.0  4.0  3.0  25.00 
-------- ----- ----- ----- ----- ----- ---- ------ ------ ---- ---- ---- ------ 
Summary:
CPU:  23.96 Watts on average with standard deviation 1.04  
Note: power read from RAPL domains: dram, package-0, core.
These readings do not cover all the hardware in this device.
