Running for 60.0 seconds (60 samples at 1.0 second intervals).
Power measurements will start in 0 seconds time.

  Time    User  Nice   Sys  Idle    IO  Run Ctxt/s  IRQ/s Fork Exec Exit  Watts
03:40:42  12.1   0.0   0.4  87.2   0.3    2    216    402    1    0    1  21.49 
03:40:43  12.2   0.0   0.2  87.5   0.0    2    134    336    0    0    0  21.38 
03:40:44  11.1   0.0   1.4  87.5   0.0    2    154    343    0    0    0  22.20 
03:40:45  12.4   0.0   0.2  87.4   0.0    2    132    325    0    0    0  25.07 
03:40:46  12.2   0.0   0.2  87.5   0.0    2     86    310    0    0    0  24.28 
03:40:47  12.2   0.0   0.2  87.5   0.0    2    130    353    0    0    0  24.05 
03:40:48  12.3   0.0   0.3  87.2   0.3    2    127    322    0    0    0  24.58 
03:40:49  12.4   0.0   0.0  87.6   0.0    2    106    315    0    0    0  24.78 
03:40:50  12.4   0.0   0.2  87.4   0.0    2    108    321    0    0    0  24.84 
03:40:51  12.5   0.0   0.0  87.5   0.0    2    104    321    0    0    0  25.00 
03:40:52  12.3   0.0   0.3  87.5   0.0    2    190    361    1    0    1  26.27 
03:40:53  12.5   0.0   0.1  87.4   0.0    2    104    324    0    0    0  25.47 
03:40:54  12.5   0.0   0.1  87.4   0.0    2    156    346    0    0    0  24.15 
03:40:55  12.4   0.0   0.0  87.6   0.0    2    106    319    0    0    0  24.14 
03:40:56  12.4   0.0   0.1  87.5   0.0    2    107    319    0    0    0  24.14 
03:40:57  12.5   0.0   0.0  87.5   0.0    2    118    333    0    0    0  23.11 
03:40:58  12.5   0.0   0.1  86.3   1.1    2    112    312    0    0    0  23.06 
03:40:59  12.5   0.0   0.0  87.5   0.0    2    117    322    0    0    0  23.05 
03:41:00  12.4   0.0   0.0  87.6   0.0    2    142    331    0    0    0  23.20 
03:41:01  12.5   0.0   0.0  87.5   0.0    2     88    311    0    0    0  24.20 
03:41:02  12.2   0.0   0.4  87.4   0.0    2    245    390    4    4    4  24.70 
03:41:03  12.4   0.0   0.2  87.4   0.0    2    150    447    2    1    0  24.87 
-------- ----- ----- ----- ----- ----- ---- ------ ------ ---- ---- ---- ------ 
 Average  12.3   0.0   0.2  87.4   0.1  2.0  133.3  339.2  0.4  0.2  0.3  24.00 
 GeoMean  12.3   0.0   0.0  87.4   0.0  2.0  128.5  337.8  0.0  0.0  0.0  23.97 
  StdDev   0.3   0.0   0.3   0.3   0.2  0.0   39.1   33.3  0.9  0.8  0.9   1.21 
-------- ----- ----- ----- ----- ----- ---- ------ ------ ---- ---- ---- ------ 
 Minimum  11.1   0.0   0.0  86.3   0.0  2.0   86.0  310.0  0.0  0.0  0.0  21.38 
 Maximum  12.5   0.0   1.4  87.6   1.1  2.0  245.0  447.0  4.0  4.0  4.0  26.27 
-------- ----- ----- ----- ----- ----- ---- ------ ------ ---- ---- ---- ------ 
Summary:
CPU:  24.00 Watts on average with standard deviation 1.21  
Note: power read from RAPL domains: dram, package-0, core.
These readings do not cover all the hardware in this device.
