Running for 60.0 seconds (60 samples at 1.0 second intervals).
Power measurements will start in 0 seconds time.

  Time    User  Nice   Sys  Idle    IO  Run Ctxt/s  IRQ/s Fork Exec Exit  Watts
03:33:54  12.0   0.0   0.5  87.5   0.0    2    128    367    0    0    0  21.20 
03:33:55  12.4   0.0   0.2  87.4   0.0    2    114    325    0    0    0  21.39 
03:33:56  11.1   0.0   1.4  87.5   0.0    2    158    340    0    0    0  22.20 
03:33:57  12.2   0.0   0.2  86.6   0.9    2     99    309    0    0    0  24.48 
03:33:58  12.5   0.0   0.4  87.1   0.0    2    328    477    2    1    0  24.34 
03:33:59  12.4   0.0   0.1  87.5   0.0    2    105    326    0    0    0  23.94 
03:34:00  12.4   0.0   0.2  87.4   0.0    2    186    418    0    0    2  24.52 
03:34:01  12.4   0.0   0.4  87.2   0.0    2    269    401    4    4    4  25.22 
03:34:02  12.4   0.0   0.1  87.5   0.0    2    140    361    0    0    0  24.80 
03:34:03  12.5   0.0   0.1  87.4   0.0    2    188    407    2    1    0  24.82 
03:34:04  12.4   0.0   0.2  86.2   1.1    2    159    368    0    0    0  24.88 
03:34:05  12.5   0.0   0.0  87.5   0.0    2    108    329    0    0    0  24.14 
03:34:06  12.4   0.0   0.2  87.4   0.0    2    214    431    0    0    2  23.98 
03:34:07  12.4   0.0   0.0  87.6   0.0    2    230    422    0    0    0  24.34 
03:34:08  12.4   0.0   0.2  87.4   0.0    2    105    337    0    0    0  24.01 
03:34:09  12.5   0.0   0.0  87.5   0.0    2     86    316    0    0    0  24.15 
03:34:10  12.2   0.0   0.2  86.5   1.0    2    146    351    0    0    0  24.19 
03:34:11  12.5   0.0   0.0  87.5   0.0    2    192    383    1    0    1  24.17 
03:34:12  12.5   0.0   0.0  87.5   0.0    2    103    452    0    0    0  24.67 
03:34:13  12.2   0.0   0.2  87.5   0.0    2    100    312    0    0    0  24.36 
03:34:14  12.4   0.0   0.1  87.5   0.0    2    126    343    0    0    0  24.91 
-------- ----- ----- ----- ----- ----- ---- ------ ------ ---- ---- ---- ------ 
 Average  12.3   0.0   0.2  87.3   0.1  2.0  156.4  370.2  0.4  0.3  0.4  24.03 
 GeoMean  12.3   0.0   0.0  87.3   0.0  2.0  146.1  367.3  0.0  0.0  0.0  24.01 
  StdDev   0.3   0.0   0.3   0.4   0.4  0.0   61.7   47.9  1.0  0.9  1.0   1.06 
-------- ----- ----- ----- ----- ----- ---- ------ ------ ---- ---- ---- ------ 
 Minimum  11.1   0.0   0.0  86.2   0.0  2.0   86.0  309.0  0.0  0.0  0.0  21.20 
 Maximum  12.5   0.0   1.4  87.6   1.1  2.0  328.0  477.0  4.0  4.0  4.0  25.22 
-------- ----- ----- ----- ----- ----- ---- ------ ------ ---- ---- ---- ------ 
Summary:
CPU:  24.03 Watts on average with standard deviation 1.06  
Note: power read from RAPL domains: dram, package-0, core.
These readings do not cover all the hardware in this device.
