Running for 60.0 seconds (60 samples at 1.0 second intervals).
Power measurements will start in 0 seconds time.

  Time    User  Nice   Sys  Idle    IO  Run Ctxt/s  IRQ/s Fork Exec Exit  Watts
03:58:20  12.0   0.0   0.4  87.6   0.0    2    108    348    0    0    0  21.32 
03:58:21  12.2   0.0   0.4  87.4   0.0    2    116    324    0    0    0  21.65 
03:58:22  10.9   0.0   1.5  87.6   0.0    2    209    380    1    0    1  22.30 
03:58:23  12.2   0.0   0.2  87.5   0.0    2    114    316    0    0    0  24.48 
03:58:24  12.2   0.0   0.4  87.4   0.0    2    102    326    0    0    0  24.39 
03:58:25  12.4   0.0   0.1  87.1   0.4    2    110    320    0    0    0  23.98 
03:58:26  12.1   0.0   0.4  87.5   0.0    2    125    329    0    0    0  24.56 
03:58:27  12.4   0.0   0.1  87.5   0.0    2    102    349    0    0    0  25.56 
03:58:28  12.4   0.0   0.1  87.5   0.0    2    119    333    0    0    0  24.57 
03:58:29  12.4   0.0   0.1  87.5   0.0    2     90    308    0    0    0  24.64 
03:58:30  12.4   0.0   0.1  87.5   0.0    2    108    328    0    0    0  24.90 
03:58:31  12.5   0.0   0.1  87.4   0.0    2    112    313    0    0    0  24.52 
03:58:32  12.4   0.0   0.1  87.2   0.3    2    193    373    1    0    1  24.16 
03:58:33  12.4   0.0   0.0  87.6   0.0    2    102    314    0    0    0  24.11 
03:58:34  12.4   0.0   0.2  87.4   0.0    2    154    350    0    0    0  24.10 
03:58:35  12.4   0.0   0.0  87.6   0.0    2     91    305    0    0    0  23.63 
03:58:36  12.5   0.0   0.0  87.5   0.0    2     98    322    0    0    0  23.38 
03:58:37  12.5   0.0   0.1  87.1   0.2    2    115    315    0    0    0  23.40 
03:58:38  12.4   0.0   0.1  87.5   0.0    2    116    325    0    0    0  23.55 
03:58:39  12.4   0.0   0.0  87.6   0.0    2    110    310    0    0    0  24.04 
03:58:40  12.2   0.0   0.2  87.5   0.0    2    102    322    0    0    0  24.09 
03:58:41  12.5   0.0   0.1  87.4   0.0    2     98    306    0    0    0  24.89 
-------- ----- ----- ----- ----- ----- ---- ------ ------ ---- ---- ---- ------ 
 Average  12.3   0.0   0.2  87.5   0.0  2.0  117.9  328.0  0.1  0.0  0.1  23.92 
 GeoMean  12.3   0.0   0.0  87.5   0.0  2.0  115.1  327.4  0.0  0.0  0.0  23.90 
  StdDev   0.3   0.0   0.3   0.1   0.1  0.0   29.4   19.9  0.3  0.0  0.3   1.01 
-------- ----- ----- ----- ----- ----- ---- ------ ------ ---- ---- ---- ------ 
 Minimum  10.9   0.0   0.0  87.1   0.0  2.0   90.0  305.0  0.0  0.0  0.0  21.32 
 Maximum  12.5   0.0   1.5  87.6   0.4  2.0  209.0  380.0  1.0  0.0  1.0  25.56 
-------- ----- ----- ----- ----- ----- ---- ------ ------ ---- ---- ---- ------ 
Summary:
CPU:  23.92 Watts on average with standard deviation 1.01  
Note: power read from RAPL domains: dram, package-0, core.
These readings do not cover all the hardware in this device.
