Running for 60.0 seconds (60 samples at 1.0 second intervals).
Power measurements will start in 0 seconds time.

  Time    User  Nice   Sys  Idle    IO  Run Ctxt/s  IRQ/s Fork Exec Exit  Watts
04:28:13  12.1   0.0   0.4  87.5   0.0    2    114    348    0    0    0  21.24 
04:28:14  12.4   0.0   0.1  87.5   0.0    2    114    333    0    0    0  21.39 
04:28:15  11.2   0.0   1.4  87.4   0.0    2    126    313    0    0    0  21.92 
04:28:16  12.2   0.0   0.2  87.5   0.0    2    109    331    0    0    0  24.53 
04:28:17  12.4   0.0   0.1  87.2   0.2    2    105    329    0    0    0  24.27 
04:28:18  12.1   0.0   0.3  87.6   0.0    2    136    330    0    0    0  23.90 
04:28:19  12.2   0.0   0.2  87.5   0.0    2     96    311    0    0    0  24.49 
04:28:20  12.4   0.0   0.2  87.4   0.0    2    106    325    0    0    0  24.73 
04:28:21  12.4   0.0   0.0  87.6   0.0    2     90    300    0    0    0  24.84 
04:28:22  12.5   0.0   0.0  87.5   0.0    2    224    394    1    0    1  24.92 
04:28:23  12.3   0.0   0.3  87.5   0.0    2    117    327    0    0    0  24.82 
04:28:24  12.4   0.0   0.2  87.4   0.0    2    103    328    0    0    0  24.10 
04:28:25  12.4   0.0   0.0  87.6   0.0    2     94    305    0    0    0  24.04 
04:28:26  12.4   0.0   0.1  87.5   0.0    2    110    324    0    0    0  24.01 
04:28:27  12.5   0.0   0.0  87.4   0.1    2    125    328    0    0    0  24.04 
04:28:28  12.5   0.0   0.1  87.4   0.0    2    138    342    0    0    0  24.22 
04:28:29  12.4   0.0   0.1  87.5   0.0    2     86    304    0    0    0  24.20 
04:28:30  12.5   0.0   0.0  87.5   0.0    2    149    413    2    1    0  24.78 
04:28:31  12.5   0.0   0.1  87.4   0.0    2    122    326    0    0    0  24.12 
04:28:32  12.3   0.0   0.4  85.1   2.3    2    347    472    2    0    2  25.89 
04:28:33  12.2   0.0   0.1  87.2   0.4    2    146    334    0    0    0  24.94 
-------- ----- ----- ----- ----- ----- ---- ------ ------ ---- ---- ---- ------ 
 Average  12.3   0.0   0.2  87.3   0.1  2.0  131.3  338.9  0.2  0.0  0.1  24.07 
 GeoMean  12.3   0.0   0.0  87.3   0.0  2.0  123.8  336.9  0.0  0.0  0.0  24.04 
  StdDev   0.3   0.0   0.3   0.5   0.5  0.0   56.1   39.6  0.6  0.2  0.5   1.14 
-------- ----- ----- ----- ----- ----- ---- ------ ------ ---- ---- ---- ------ 
 Minimum  11.2   0.0   0.0  85.1   0.0  2.0   86.0  300.0  0.0  0.0  0.0  21.24 
 Maximum  12.5   0.0   1.4  87.6   2.3  2.0  347.0  472.0  2.0  1.0  2.0  25.89 
-------- ----- ----- ----- ----- ----- ---- ------ ------ ---- ---- ---- ------ 
Summary:
CPU:  24.07 Watts on average with standard deviation 1.14  
Note: power read from RAPL domains: dram, package-0, core.
These readings do not cover all the hardware in this device.
