Running for 60.0 seconds (60 samples at 1.0 second intervals).
Power measurements will start in 0 seconds time.

  Time    User  Nice   Sys  Idle    IO  Run Ctxt/s  IRQ/s Fork Exec Exit  Watts
04:06:29  12.5   0.0   0.1  87.1   0.2    2    118    345    0    0    0  20.94 
04:06:30  12.4   0.0   0.1  87.5   0.0    2    110    324    0    0    0  23.04 
04:06:31  11.4   0.0   1.1  87.5   0.0    2    161    332    0    0    0  21.31 
04:06:32  12.0   0.0   0.5  87.5   0.0    2    172    369    1    0    1  24.90 
04:06:33  12.2   0.0   0.4  87.4   0.0    2    128    330    0    0    0  24.24 
04:06:34  12.3   0.0   0.1  87.6   0.0    2    153    350    0    0    0  24.04 
04:06:35  12.1   0.0   0.4  87.5   0.0    2    132    336    0    0    0  24.17 
04:06:36  12.4   0.0   0.2  87.4   0.0    2     93    318    0    0    0  24.74 
04:06:37  12.4   0.0   0.1  87.5   0.0    2     88    304    0    0    0  24.76 
04:06:38  12.4   0.0   0.2  87.4   0.0    2    124    326    0    0    0  24.80 
04:06:39  12.4   0.0   0.0  87.3   0.3    2    136    330    0    0    0  24.80 
04:06:40  12.5   0.0   0.1  87.4   0.0    2    104    317    0    0    0  24.44 
04:06:41  12.5   0.0   0.0  87.5   0.0    2     96    310    0    0    0  23.99 
04:06:42  12.4   0.0   0.1  87.5   0.0    2    185    369    1    0    1  26.22 
04:06:43  12.4   0.0   0.1  87.5   0.0    2    125    328    0    0    0  24.01 
04:06:44  12.4   0.0   0.1  87.5   0.0    2    109    323    0    0    0  23.69 
04:06:45  12.5   0.0   0.0  87.5   0.0    2     98    312    0    0    0  23.42 
04:06:46  12.5   0.0   0.0  87.5   0.0    2    110    327    0    0    0  23.39 
04:06:47  12.4   0.0   0.1  87.2   0.2    2    109    315    0    0    0  23.57 
04:06:48  12.4   0.0   0.1  87.5   0.0    2    152    329    0    0    0  24.10 
04:06:49  12.5   0.0   0.1  87.4   0.0    2     92    329    0    0    0  26.05 
-------- ----- ----- ----- ----- ----- ---- ------ ------ ---- ---- ---- ------ 
 Average  12.3   0.0   0.2  87.4   0.0  2.0  123.6  329.7  0.1  0.0  0.1  24.03 
 GeoMean  12.3   0.0   0.0  87.4   0.0  2.0  120.8  329.3  0.0  0.0  0.0  24.00 
  StdDev   0.2   0.0   0.2   0.1   0.1  0.0   27.0   16.6  0.3  0.0  0.3   1.22 
-------- ----- ----- ----- ----- ----- ---- ------ ------ ---- ---- ---- ------ 
 Minimum  11.4   0.0   0.0  87.1   0.0  2.0   88.0  304.0  0.0  0.0  0.0  20.94 
 Maximum  12.5   0.0   1.1  87.6   0.3  2.0  185.0  369.0  1.0  0.0  1.0  26.22 
-------- ----- ----- ----- ----- ----- ---- ------ ------ ---- ---- ---- ------ 
Summary:
CPU:  24.03 Watts on average with standard deviation 1.22  
Note: power read from RAPL domains: dram, package-0, core.
These readings do not cover all the hardware in this device.
