Running for 60.0 seconds (60 samples at 1.0 second intervals).
Power measurements will start in 0 seconds time.

  Time    User  Nice   Sys  Idle    IO  Run Ctxt/s  IRQ/s Fork Exec Exit  Watts
04:15:59  12.2   0.0   0.4  87.4   0.0    2    139    350    0    0    0  21.04 
04:16:00  12.3   0.0   0.1  87.6   0.0    2    206    403    0    0    2  21.23 
04:16:01  11.2   0.0   1.4  87.4   0.0    2    112    317    0    0    0  22.12 
04:16:02  12.4   0.0   0.3  87.4   0.0    2    251    412    4    4    4  24.61 
04:16:03  12.3   0.0   0.2  87.0   0.4    2    122    325    0    0    0  24.15 
04:16:04  12.4   0.0   0.0  87.6   0.0    2    142    343    0    0    0  23.93 
04:16:05  12.4   0.0   0.1  87.5   0.0    2     91    301    0    0    0  24.48 
04:16:06  12.4   0.0   0.1  87.5   0.0    2     88    325    0    0    0  24.70 
04:16:07  12.4   0.0   0.2  87.4   0.0    2    120    331    0    0    0  24.74 
04:16:08  12.2   0.0   0.2  87.5   0.0    2    116    353    0    0    0  25.57 
04:16:09  12.3   0.0   0.1  87.6   0.0    2     99    304    0    0    0  24.83 
04:16:10  12.4   0.0   0.1  87.5   0.0    2     93    308    0    0    0  24.01 
04:16:11  12.4   0.0   0.1  87.5   0.0    2    114    321    0    0    0  23.98 
04:16:12  12.4   0.0   0.1  87.5   0.0    2    184    368    1    0    1  24.02 
04:16:13  12.4   0.0   0.1  87.5   0.0    2    112    443    0    0    0  24.39 
04:16:14  12.5   0.0   0.1  87.4   0.0    2    111    318    0    0    0  24.09 
04:16:15  12.5   0.0   0.0  87.5   0.0    2    106    313    0    0    0  24.06 
04:16:16  12.5   0.0   0.0  87.5   0.0    2    103    322    0    0    0  24.05 
04:16:17  12.5   0.0   0.0  87.4   0.1    2    139    339    0    0    0  24.07 
04:16:18  12.4   0.0   0.1  87.5   0.0    2    104    310    0    0    0  24.42 
04:16:19  12.5   0.0   0.0  87.5   0.0    2    125    318    0    0    0  24.99 
-------- ----- ----- ----- ----- ----- ---- ------ ------ ---- ---- ---- ------ 
 Average  12.3   0.0   0.2  87.5   0.0  2.0  127.5  339.2  0.2  0.2  0.3  23.98 
 GeoMean  12.3   0.0   0.0  87.5   0.0  2.0  122.7  337.4  0.0  0.0  0.0  23.95 
  StdDev   0.3   0.0   0.3   0.1   0.1  0.0   39.5   37.2  0.9  0.9  0.9   1.12 
-------- ----- ----- ----- ----- ----- ---- ------ ------ ---- ---- ---- ------ 
 Minimum  11.2   0.0   0.0  87.0   0.0  2.0   88.0  301.0  0.0  0.0  0.0  21.04 
 Maximum  12.5   0.0   1.4  87.6   0.4  2.0  251.0  443.0  4.0  4.0  4.0  25.57 
-------- ----- ----- ----- ----- ----- ---- ------ ------ ---- ---- ---- ------ 
Summary:
CPU:  23.98 Watts on average with standard deviation 1.12  
Note: power read from RAPL domains: dram, package-0, core.
These readings do not cover all the hardware in this device.
