Running for 60.0 seconds (60 samples at 1.0 second intervals).
Power measurements will start in 0 seconds time.

  Time    User  Nice   Sys  Idle    IO  Run Ctxt/s  IRQ/s Fork Exec Exit  Watts
04:17:20  12.2   0.0   0.2  87.5   0.0    2    112    348    0    0    0  21.05 
04:17:21  12.2   0.0   0.2  87.5   0.0    2    139    332    0    0    1  21.24 
04:17:22  11.5   0.0   1.1  87.4   0.0    2    208    382    1    0    1  22.49 
04:17:23  12.4   0.0   0.2  87.4   0.0    2    123    337    0    0    0  24.63 
04:17:24  12.1   0.0   0.5  87.4   0.0    2     88    321    0    0    0  24.35 
04:17:25  12.2   0.0   0.3  87.5   0.1    2    124    344    0    0    0  24.12 
04:17:26  12.4   0.0   0.2  87.4   0.0    2    118    328    0    0    0  24.69 
04:17:27  12.2   0.0   0.2  87.5   0.0    2     94    317    0    0    0  24.88 
04:17:28  12.4   0.0   0.2  87.4   0.0    2    124    333    0    0    0  24.91 
04:17:29  12.4   0.0   0.1  87.5   0.0    2    104    343    0    0    0  25.55 
04:17:30  12.4   0.0   0.1  87.5   0.0    2    110    327    0    0    0  25.34 
04:17:31  12.4   0.0   0.2  87.4   0.0    2    150    348    0    0    0  24.26 
04:17:32  12.4   0.0   0.1  87.5   0.0    2    161    361    1    0    1  24.35 
04:17:33  12.5   0.0   0.0  87.5   0.0    2    116    325    0    0    0  24.25 
04:17:34  12.5   0.0   0.1  87.4   0.0    2    137    460    0    0    0  24.40 
04:17:35  12.5   0.0   0.0  87.5   0.0    2    124    339    0    0    0  23.86 
04:17:36  12.4   0.0   0.0  87.6   0.0    2     93    319    0    0    0  23.00 
04:17:37  12.4   0.0   0.1  87.2   0.2    2    129    333    0    0    0  23.05 
04:17:38  12.5   0.0   0.0  87.5   0.0    2    136    332    0    0    0  23.06 
04:17:39  12.4   0.0   0.1  87.5   0.0    2    120    344    0    0    0  24.19 
04:17:40  12.5   0.0   0.1  87.4   0.0    2    110    329    0    0    0  24.42 
04:17:41  12.6   0.0   0.1  87.3   0.0    2    144    344    0    0    0  24.96 
-------- ----- ----- ----- ----- ----- ---- ------ ------ ---- ---- ---- ------ 
 Average  12.3   0.0   0.2  87.4   0.0  2.0  125.6  343.0  0.1  0.0  0.1  23.96 
 GeoMean  12.3   0.0   0.0  87.4   0.0  2.0  123.3  341.9  0.0  0.0  0.0  23.93 
  StdDev   0.2   0.0   0.2   0.1   0.1  0.0   25.4   29.2  0.3  0.0  0.3   1.16 
-------- ----- ----- ----- ----- ----- ---- ------ ------ ---- ---- ---- ------ 
 Minimum  11.5   0.0   0.0  87.2   0.0  2.0   88.0  317.0  0.0  0.0  0.0  21.05 
 Maximum  12.6   0.0   1.1  87.6   0.2  2.0  208.0  460.0  1.0  0.0  1.0  25.55 
-------- ----- ----- ----- ----- ----- ---- ------ ------ ---- ---- ---- ------ 
Summary:
CPU:  23.96 Watts on average with standard deviation 1.16  
Note: power read from RAPL domains: dram, package-0, core.
These readings do not cover all the hardware in this device.
