Running for 60.0 seconds (60 samples at 1.0 second intervals).
Power measurements will start in 0 seconds time.

  Time    User  Nice   Sys  Idle    IO  Run Ctxt/s  IRQ/s Fork Exec Exit  Watts
04:10:34  12.1   0.0   0.4  87.5   0.0    2    124    376    0    0    0  21.24 
04:10:35  12.2   0.0   0.2  87.5   0.0    2    121    328    0    0    0  21.46 
04:10:36  11.1   0.0   1.4  87.5   0.0    2    115    325    0    0    0  22.26 
04:10:37  12.4   0.0   0.4  85.9   1.4    2    274    415    2    1    0  24.65 
04:10:38  12.4   0.0   0.2  87.4   0.0    2    123    338    0    0    0  24.22 
04:10:39  12.4   0.0   0.1  87.5   0.0    2    147    335    0    0    0  24.02 
04:10:40  12.2   0.0   0.4  87.4   0.0    2    173    398    0    0    2  24.59 
04:10:41  12.3   0.0   0.1  87.6   0.0    2    174    348    1    0    1  25.15 
04:10:42  12.4   0.0   0.2  87.4   0.0    2    111    320    0    0    0  24.81 
04:10:43  12.1   0.0   0.3  87.6   0.0    4    110    325    0    0    0  24.92 
04:10:44  12.4   0.0   0.2  86.1   1.2    2    129    332    0    0    0  24.88 
04:10:45  12.5   0.0   0.0  87.5   0.0    2     92    304    0    0    0  24.04 
04:10:46  12.4   0.0   0.0  87.6   0.0    2     90    313    0    0    0  24.02 
04:10:47  12.5   0.0   0.1  87.4   0.0    2    108    322    0    0    0  24.03 
04:10:48  12.5   0.0   0.0  87.5   0.0    2    104    324    0    0    0  24.04 
04:10:49  12.3   0.0   0.1  87.6   0.0    2    104    312    0    0    0  24.23 
04:10:50  12.6   0.0   0.1  87.3   0.0    2    164    414    2    1    0  24.35 
04:10:51  12.5   0.0   0.1  87.4   0.0    2    312    400    1    0    1  24.29 
04:10:52  12.5   0.0   0.0  87.5   0.0    2    116    322    0    0    0  24.11 
04:10:53  12.1   0.0   0.4  87.5   0.0    2    159    399    0    0    2  24.49 
04:10:54  12.5   0.0   0.0  87.5   0.0    2    134    332    0    0    0  25.03 
-------- ----- ----- ----- ----- ----- ---- ------ ------ ---- ---- ---- ------ 
 Average  12.3   0.0   0.2  87.3   0.1  2.1  142.1  346.8  0.3  0.1  0.3  24.04 
 GeoMean  12.3   0.0   0.0  87.3   0.0  2.1  134.4  345.0  0.0  0.0  0.0  24.01 
  StdDev   0.3   0.0   0.3   0.4   0.4  0.4   54.8   35.7  0.6  0.3  0.6   1.05 
-------- ----- ----- ----- ----- ----- ---- ------ ------ ---- ---- ---- ------ 
 Minimum  11.1   0.0   0.0  85.9   0.0  2.0   90.0  304.0  0.0  0.0  0.0  21.24 
 Maximum  12.6   0.0   1.4  87.6   1.4  4.0  312.0  415.0  2.0  1.0  2.0  25.15 
-------- ----- ----- ----- ----- ----- ---- ------ ------ ---- ---- ---- ------ 
Summary:
CPU:  24.04 Watts on average with standard deviation 1.05  
Note: power read from RAPL domains: dram, package-0, core.
These readings do not cover all the hardware in this device.
