Running for 60.0 seconds (60 samples at 1.0 second intervals).
Power measurements will start in 0 seconds time.

  Time    User  Nice   Sys  Idle    IO  Run Ctxt/s  IRQ/s Fork Exec Exit  Watts
04:29:34  12.2   0.0   0.2  87.5   0.0    2    124    353    0    0    0  21.19 
04:29:35  12.5   0.0   0.1  87.4   0.0    2     92    309    0    0    0  21.37 
04:29:36  10.9   0.0   1.5  87.6   0.0    2    155    367    0    0    0  22.02 
04:29:37  12.3   0.0   0.2  87.0   0.4    2    123    326    0    0    0  24.46 
04:29:38  12.3   0.0   0.3  87.5   0.0    2    136    326    0    0    0  24.14 
04:29:39  12.0   0.0   0.5  87.5   0.0    2    113    325    0    0    0  23.92 
04:29:40  12.2   0.0   0.2  87.5   0.0    2    102    319    0    0    0  24.49 
04:29:41  12.3   0.0   0.3  87.5   0.0    2    146    363    0    0    0  25.35 
04:29:42  12.4   0.0   0.3  87.4   0.0    2    367    494    3    1    1  25.31 
04:29:43  12.4   0.0   0.2  87.4   0.0    2    125    319    0    0    0  24.91 
04:29:44  12.1   0.0   0.4  87.5   0.0    2    196    429    0    0    2  24.78 
04:29:45  12.4   0.0   0.1  87.5   0.0    2    106    315    0    0    0  24.13 
04:29:46  12.5   0.0   0.1  87.4   0.0    3    121    331    1    1    0  24.11 
04:29:47  12.5   0.0   0.1  87.1   0.3    2    239    498    3    1    0  24.32 
04:29:48  12.6   0.0   0.1  87.3   0.0    2    286    385    0    0    0  24.18 
04:29:49  12.5   0.0   0.0  87.5   0.0    2    120    327    0    0    0  24.12 
04:29:50  12.5   0.0   0.0  87.5   0.0    2    245    475    0    0    4  24.14 
04:29:51  12.5   0.0   0.1  87.4   0.0    2    114    319    0    0    0  24.28 
04:29:52  12.4   0.0   0.0  87.6   0.0    2    198    377    1    0    1  24.17 
04:29:53  12.4   0.0   0.1  87.4   0.1    2    146    343    0    0    0  24.51 
04:29:54  12.5   0.0   0.1  87.4   0.0    2    104    321    0    0    0  24.89 
-------- ----- ----- ----- ----- ----- ---- ------ ------ ---- ---- ---- ------ 
 Average  12.3   0.0   0.2  87.4   0.0  2.0  159.9  362.9  0.4  0.1  0.4  24.04 
 GeoMean  12.3   0.0   0.0  87.4   0.0  2.0  148.3  358.7  0.0  0.0  0.0  24.01 
  StdDev   0.3   0.0   0.3   0.1   0.1  0.2   69.5   58.9  0.9  0.3  0.9   1.10 
-------- ----- ----- ----- ----- ----- ---- ------ ------ ---- ---- ---- ------ 
 Minimum  10.9   0.0   0.0  87.0   0.0  2.0   92.0  309.0  0.0  0.0  0.0  21.19 
 Maximum  12.6   0.0   1.5  87.6   0.4  3.0  367.0  498.0  3.0  1.0  4.0  25.35 
-------- ----- ----- ----- ----- ----- ---- ------ ------ ---- ---- ---- ------ 
Summary:
CPU:  24.04 Watts on average with standard deviation 1.10  
Note: power read from RAPL domains: dram, package-0, core.
These readings do not cover all the hardware in this device.
