Running for 60.0 seconds (60 samples at 1.0 second intervals).
Power measurements will start in 0 seconds time.

  Time    User  Nice   Sys  Idle    IO  Run Ctxt/s  IRQ/s Fork Exec Exit  Watts
04:14:37  12.4   0.0   0.1  87.5   0.0    2    123    345    0    0    0  21.14 
04:14:38  12.4   0.0   0.2  87.4   0.0    2    194    410    0    0    2  21.36 
04:14:39  11.2   0.0   1.2  87.5   0.0    2    159    349    0    0    0  22.34 
04:14:40  12.4   0.0   0.2  87.4   0.0    2     92    318    0    0    0  24.60 
04:14:41  12.2   0.0   0.3  87.3   0.3    2    195    359    1    0    1  25.17 
04:14:42  12.4   0.0   0.2  87.4   0.0    2    106    311    0    0    0  24.03 
04:14:43  12.2   0.0   0.2  87.5   0.0    2    122    328    0    0    0  24.61 
04:14:44  12.4   0.0   0.1  87.5   0.0    2    110    321    0    0    0  24.73 
04:14:45  12.3   0.0   0.1  87.6   0.0    2    118    321    0    0    0  24.82 
04:14:46  12.5   0.0   0.1  87.4   0.0    2    139    342    0    0    0  25.03 
04:14:47  12.7   0.0   0.0  87.2   0.1    2    309    443    2    1    0  24.96 
04:14:48  12.5   0.0   0.1  87.4   0.0    2    123    323    0    0    0  24.14 
04:14:49  12.5   0.0   0.1  87.4   0.0    2    173    403    0    0    2  24.17 
04:14:50  12.4   0.0   0.1  87.5   0.0    2    116    324    0    0    0  24.13 
04:14:51  12.7   0.0   0.0  87.3   0.0    2    193    369    1    0    1  24.30 
04:14:52  12.3   0.0   0.1  87.6   0.0    2    100    308    0    0    0  24.27 
04:14:53  12.5   0.0   0.1  87.1   0.2    2    132    323    0    0    0  24.24 
04:14:54  12.4   0.0   0.0  87.6   0.0    2    106    326    0    0    0  24.28 
04:14:55  12.4   0.0   0.2  87.4   0.0    2    118    323    0    0    0  24.20 
04:14:56  12.3   0.0   0.1  87.6   0.0    2    104    324    0    0    0  24.45 
04:14:57  12.4   0.0   0.1  87.5   0.0    2    116    318    0    0    0  24.96 
-------- ----- ----- ----- ----- ----- ---- ------ ------ ---- ---- ---- ------ 
 Average  12.3   0.0   0.2  87.4   0.0  2.0  140.4  342.3  0.2  0.0  0.3  24.09 
 GeoMean  12.3   0.0   0.0  87.4   0.0  2.0  134.0  340.6  0.0  0.0  0.0  24.07 
  StdDev   0.3   0.0   0.2   0.1   0.1  0.0   48.9   35.2  0.5  0.2  0.6   1.08 
-------- ----- ----- ----- ----- ----- ---- ------ ------ ---- ---- ---- ------ 
 Minimum  11.2   0.0   0.0  87.1   0.0  2.0   92.0  308.0  0.0  0.0  0.0  21.14 
 Maximum  12.7   0.0   1.2  87.6   0.3  2.0  309.0  443.0  2.0  1.0  2.0  25.17 
-------- ----- ----- ----- ----- ----- ---- ------ ------ ---- ---- ---- ------ 
Summary:
CPU:  24.09 Watts on average with standard deviation 1.08  
Note: power read from RAPL domains: dram, package-0, core.
These readings do not cover all the hardware in this device.
