Running for 60.0 seconds (60 samples at 1.0 second intervals).
Power measurements will start in 0 seconds time.

  Time    User  Nice   Sys  Idle    IO  Run Ctxt/s  IRQ/s Fork Exec Exit  Watts
04:01:04  12.3   0.0   0.5  87.2   0.0    2    286    422    0    0    0  20.72 
04:01:05  12.5   0.0   0.0  87.5   0.0    2    150    374    2    1    0  20.90 
04:01:06  11.9   0.0   0.8  87.4   0.0    2    208    413    0    0    2  20.98 
04:01:07  11.9   0.0   0.6  87.2   0.2    2    185    358    0    0    0  24.11 
04:01:08  12.1   0.0   0.5  87.4   0.0    2    120    318    0    0    0  24.32 
04:01:09  12.3   0.0   0.1  87.6   0.0    2    201    395    0    0    2  24.16 
04:01:10  12.1   0.0   0.5  87.4   0.0    2    131    317    0    0    0  24.15 
04:01:11  12.2   0.0   0.2  87.5   0.0    2    117    311    0    0    0  24.79 
04:01:12  12.4   0.0   0.2  87.4   0.0    2    199    383    1    0    1  24.80 
04:01:13  12.4   0.0   0.0  87.6   0.0    2    114    312    0    0    0  24.82 
04:01:14  12.4   0.0   0.1  87.5   0.0    2    129    327    0    0    0  24.92 
04:01:15  12.4   0.0   0.2  87.4   0.0    2    120    320    0    0    0  24.45 
04:01:16  12.3   0.0   0.1  87.6   0.0    2    112    321    0    0    0  24.02 
04:01:17  12.5   0.0   0.1  87.4   0.0    2    133    342    0    0    0  24.04 
04:01:18  12.5   0.0   0.0  87.5   0.0    2    119    329    0    0    0  24.06 
04:01:19  12.4   0.0   0.1  87.5   0.0    2    133    317    0    0    0  24.11 
04:01:20  12.5   0.0   0.1  87.4   0.0    2    103    313    0    0    0  24.14 
04:01:21  12.4   0.0   0.1  87.5   0.0    2    152    335    0    0    0  24.19 
04:01:22  12.5   0.0   0.1  87.4   0.0    2    199    370    1    0    1  24.13 
04:01:23  12.4   0.0   0.1  87.5   0.0    2    118    312    0    0    0  24.06 
04:01:24  12.4   0.0   0.1  87.5   0.0    2    133    332    0    0    0  25.01 
-------- ----- ----- ----- ----- ----- ---- ------ ------ ---- ---- ---- ------ 
 Average  12.3   0.0   0.2  87.4   0.0  2.0  150.6  343.9  0.2  0.0  0.3  23.85 
 GeoMean  12.3   0.0   0.0  87.4   0.0  2.0  145.1  342.2  0.0  0.0  0.0  23.82 
  StdDev   0.2   0.0   0.2   0.1   0.1  0.0   44.7   34.4  0.5  0.2  0.6   1.26 
-------- ----- ----- ----- ----- ----- ---- ------ ------ ---- ---- ---- ------ 
 Minimum  11.9   0.0   0.0  87.2   0.0  2.0  103.0  311.0  0.0  0.0  0.0  20.72 
 Maximum  12.5   0.0   0.8  87.6   0.2  2.0  286.0  422.0  2.0  1.0  2.0  25.01 
-------- ----- ----- ----- ----- ----- ---- ------ ------ ---- ---- ---- ------ 
Summary:
CPU:  23.85 Watts on average with standard deviation 1.26  
Note: power read from RAPL domains: dram, package-0, core.
These readings do not cover all the hardware in this device.
