Running for 60.0 seconds (60 samples at 1.0 second intervals).
Power measurements will start in 0 seconds time.

  Time    User  Nice   Sys  Idle    IO  Run Ctxt/s  IRQ/s Fork Exec Exit  Watts
04:26:52  12.3   0.0   0.3  87.5   0.0    2    241    426    1    0    1  22.84 
04:26:53  12.5   0.0   0.1  87.1   0.2    2    146    385    2    1    0  21.41 
04:26:54  11.2   0.0   1.5  87.3   0.0    2    312    418    0    0    0  22.05 
04:26:55  12.3   0.0   0.3  87.5   0.0    2     98    314    0    0    0  24.60 
04:26:56  12.4   0.0   0.1  87.5   0.0    2    131    335    0    0    0  24.39 
04:26:57  12.1   0.0   0.5  87.4   0.0    2    160    389    0    0    2  23.99 
04:26:58  12.2   0.0   0.2  87.5   0.0    2    104    417    0    0    0  24.96 
04:26:59  12.4   0.0   0.2  87.1   0.2    2    169    357    0    0    0  24.77 
04:27:00  12.4   0.0   0.0  87.6   0.0    2    114    317    0    0    0  24.86 
04:27:01  12.4   0.0   0.2  87.4   0.0    2    101    314    0    0    0  24.84 
04:27:02  12.2   0.0   0.5  87.2   0.0    2    269    417    4    4    4  24.86 
04:27:03  12.5   0.0   0.0  87.5   0.0    2    116    321    0    0    0  24.25 
04:27:04  12.5   0.0   0.0  87.5   0.0    2    142    348    0    0    0  24.13 
04:27:05  12.5   0.0   0.0  87.5   0.0    2     96    315    0    0    0  24.16 
04:27:06  12.4   0.0   0.1  87.5   0.0    2     94    345    0    0    0  24.16 
04:27:07  12.4   0.0   0.1  87.5   0.0    2    112    340    0    0    0  24.11 
04:27:08  12.5   0.0   0.1  87.1   0.2    2    131    332    0    0    0  24.12 
04:27:09  12.4   0.0   0.0  87.6   0.0    2    161    325    0    0    0  24.14 
04:27:10  12.5   0.0   0.1  87.4   0.0    2     86    305    0    0    0  24.18 
04:27:11  12.2   0.0   0.2  87.5   0.0    2    108    328    0    0    0  24.40 
04:27:12  12.5   0.0   0.1  87.4   0.0    2    203    377    1    0    1  24.88 
-------- ----- ----- ----- ----- ----- ---- ------ ------ ---- ---- ---- ------ 
 Average  12.3   0.0   0.2  87.4   0.0  2.0  147.3  353.6  0.4  0.2  0.4  24.10 
 GeoMean  12.3   0.0   0.0  87.4   0.0  2.0  137.6  351.5  0.0  0.0  0.0  24.08 
  StdDev   0.3   0.0   0.3   0.1   0.1  0.0   60.1   39.2  0.9  0.9  0.9   0.90 
-------- ----- ----- ----- ----- ----- ---- ------ ------ ---- ---- ---- ------ 
 Minimum  11.2   0.0   0.0  87.1   0.0  2.0   86.0  305.0  0.0  0.0  0.0  21.41 
 Maximum  12.5   0.0   1.5  87.6   0.2  2.0  312.0  426.0  4.0  4.0  4.0  24.96 
-------- ----- ----- ----- ----- ----- ---- ------ ------ ---- ---- ---- ------ 
Summary:
CPU:  24.10 Watts on average with standard deviation 0.90  
Note: power read from RAPL domains: dram, package-0, core.
These readings do not cover all the hardware in this device.
