Running for 60.0 seconds (60 samples at 1.0 second intervals).
Power measurements will start in 0 seconds time.

  Time    User  Nice   Sys  Idle    IO  Run Ctxt/s  IRQ/s Fork Exec Exit  Watts
04:39:04  12.4   0.0   0.2  87.4   0.0    2    116    331    0    0    0  21.24 
04:39:05  12.2   0.0   0.2  87.5   0.0    2     99    334    0    0    0  21.46 
04:39:06  10.8   0.0   1.8  87.5   0.0    2    131    351    0    0    0  22.62 
04:39:07  12.4   0.0   0.1  87.5   0.0    2    114    336    1    0    0  24.57 
04:39:08  12.4   0.0   0.3  86.4   1.0    2    320    432    2    1    0  24.31 
04:39:09  12.2   0.0   0.2  87.5   0.0    2    104    332    0    0    0  23.99 
04:39:10  12.4   0.0   0.1  87.5   0.0    2    108    324    0    0    0  24.53 
04:39:11  12.3   0.0   0.3  87.5   0.0    2    244    445    1    0    3  25.57 
04:39:12  12.4   0.0   0.2  87.4   0.0    2    117    452    0    0    0  26.37 
04:39:13  12.5   0.0   0.0  87.5   0.0    2    137    343    0    0    0  24.92 
04:39:14  12.5   0.0   0.2  86.1   1.1    2    176    405    2    1    0  24.92 
04:39:15  12.4   0.0   0.2  87.4   0.0    2    139    338    0    0    0  24.20 
04:39:16  12.4   0.0   0.1  87.5   0.0    2    100    311    0    0    0  24.14 
04:39:17  12.4   0.0   0.1  87.5   0.0    2    183    408    0    0    2  24.19 
04:39:18  12.4   0.0   0.1  87.5   0.0    2    132    332    0    0    0  24.18 
04:39:19  12.5   0.0   0.1  87.4   0.0    2     94    310    0    0    0  23.88 
04:39:20  12.4   0.0   0.0  87.6   0.0    2     94    318    0    0    0  23.86 
04:39:21  12.5   0.0   0.1  86.0   1.4    2    225    441    3    1    1  24.01 
04:39:22  12.6   0.0   0.1  87.3   0.0    2    162    357    0    0    0  24.28 
04:39:23  12.3   0.0   0.1  87.6   0.0    2    158    340    0    0    0  24.43 
04:39:24  12.5   0.0   0.1  87.4   0.0    2    136    397    0    0    2  24.93 
-------- ----- ----- ----- ----- ----- ---- ------ ------ ---- ---- ---- ------ 
 Average  12.3   0.0   0.2  87.3   0.2  2.0  147.1  363.7  0.4  0.1  0.4  24.12 
 GeoMean  12.3   0.0   0.0  87.3   0.0  2.0  138.9  360.8  0.0  0.0  0.0  24.10 
  StdDev   0.4   0.0   0.3   0.5   0.4  0.0   55.7   46.7  0.8  0.3  0.8   1.14 
-------- ----- ----- ----- ----- ----- ---- ------ ------ ---- ---- ---- ------ 
 Minimum  10.8   0.0   0.0  86.0   0.0  2.0   94.0  310.0  0.0  0.0  0.0  21.24 
 Maximum  12.6   0.0   1.8  87.6   1.4  2.0  320.0  452.0  3.0  1.0  3.0  26.37 
-------- ----- ----- ----- ----- ----- ---- ------ ------ ---- ---- ---- ------ 
Summary:
CPU:  24.12 Watts on average with standard deviation 1.14  
Note: power read from RAPL domains: dram, package-0, core.
These readings do not cover all the hardware in this device.
