Running for 60.0 seconds (60 samples at 1.0 second intervals).
Power measurements will start in 0 seconds time.

  Time    User  Nice   Sys  Idle    IO  Run Ctxt/s  IRQ/s Fork Exec Exit  Watts
03:28:29  12.1   0.0   0.4  87.5   0.0    2    104    327    0    0    0  21.07 
03:28:30  12.1   0.0   0.4  87.5   0.0    2    112    329    0    0    0  21.27 
03:28:31  11.2   0.0   1.2  87.5   0.0    2    200    365    1    0    1  22.65 
03:28:32  12.2   0.0   0.2  87.5   0.0    2     94    315    0    0    0  26.53 
03:28:33  12.5   0.0   0.1  87.4   0.0    2    117    319    0    0    0  24.21 
03:28:34  12.2   0.0   0.2  86.5   1.0    2    149    351    0    0    0  23.99 
03:28:35  12.3   0.0   0.1  87.6   0.0    2    102    316    0    0    0  24.50 
03:28:36  12.4   0.0   0.2  87.4   0.0    2     94    314    0    0    0  24.69 
03:28:37  12.3   0.0   0.1  87.6   0.0    2    100    308    0    0    0  24.80 
03:28:38  12.5   0.0   0.1  87.4   0.0    2    144    354    0    0    0  24.85 
03:28:39  12.2   0.0   0.2  87.5   0.0    2     86    303    0    0    0  24.79 
03:28:40  12.5   0.0   0.1  87.1   0.2    2    117    343    0    0    0  24.93 
03:28:41  12.3   0.0   0.3  87.5   0.0    2    183    380    1    0    1  24.45 
03:28:42  12.4   0.0   0.1  87.5   0.0    2    134    347    0    0    0  25.86 
03:28:43  12.5   0.0   0.1  87.4   0.0    2    130    331    0    0    0  24.02 
03:28:44  12.4   0.0   0.1  87.5   0.0    2     91    314    0    0    0  24.19 
03:28:45  12.5   0.0   0.0  87.5   0.0    2     91    347    0    0    0  25.37 
03:28:46  12.4   0.0   0.1  87.5   0.0    2    117    335    0    0    0  24.28 
03:28:47  12.4   0.0   0.1  86.4   1.1    2    109    312    0    0    0  24.11 
03:28:48  12.4   0.0   0.0  87.6   0.0    2    125    330    0    0    0  24.39 
03:28:49  12.5   0.0   0.1  87.4   0.0    2     94    305    0    0    0  24.91 
-------- ----- ----- ----- ----- ----- ---- ------ ------ ---- ---- ---- ------ 
 Average  12.3   0.0   0.2  87.4   0.1  2.0  118.7  330.7  0.1  0.0  0.1  24.28 
 GeoMean  12.3   0.0   0.0  87.4   0.0  2.0  115.6  330.1  0.0  0.0  0.0  24.25 
  StdDev   0.3   0.0   0.2   0.3   0.3  0.0   29.4   20.4  0.3  0.0  0.3   1.25 
-------- ----- ----- ----- ----- ----- ---- ------ ------ ---- ---- ---- ------ 
 Minimum  11.2   0.0   0.0  86.4   0.0  2.0   86.0  303.0  0.0  0.0  0.0  21.07 
 Maximum  12.5   0.0   1.2  87.6   1.1  2.0  200.0  380.0  1.0  0.0  1.0  26.53 
-------- ----- ----- ----- ----- ----- ---- ------ ------ ---- ---- ---- ------ 
Summary:
CPU:  24.28 Watts on average with standard deviation 1.25  
Note: power read from RAPL domains: dram, package-0, core.
These readings do not cover all the hardware in this device.
