Running for 60.0 seconds (60 samples at 1.0 second intervals).
Power measurements will start in 0 seconds time.

  Time    User  Nice   Sys  Idle    IO  Run Ctxt/s  IRQ/s Fork Exec Exit  Watts
04:24:09  12.1   0.0   0.4  87.2   0.2    2    155    353    0    0    0  21.27 
04:24:10  12.0   0.0   0.5  87.5   0.0    2    100    317    0    0    0  21.43 
04:24:11  11.5   0.0   1.0  87.5   0.0    2    116    318    0    0    0  22.27 
04:24:12  12.4   0.0   0.1  87.5   0.0    2    182    357    1    0    1  25.14 
04:24:13  12.4   0.0   0.1  87.5   0.0    2     94    311    0    0    0  24.50 
04:24:14  12.0   0.0   0.5  87.5   0.0    2    123    329    0    0    0  24.12 
04:24:15  12.5   0.0   0.3  87.2   0.0    2    336    510    4    2    0  24.92 
04:24:16  12.5   0.0   0.2  87.3   0.0    2    160    353    0    0    0  24.90 
04:24:17  12.5   0.0   0.1  87.4   0.0    2    136    347    0    0    0  24.97 
04:24:18  12.4   0.0   0.1  87.5   0.0    2    243    489    0    0    4  25.01 
04:24:19  12.2   0.0   0.2  87.5   0.0    2    138    332    0    0    0  24.83 
04:24:20  12.4   0.0   0.1  87.5   0.0    2    112    326    0    0    0  24.32 
04:24:21  12.5   0.0   0.1  87.1   0.2    2    105    319    0    0    0  24.13 
04:24:22  12.4   0.0   0.1  87.5   0.0    2    180    354    1    0    1  24.15 
04:24:23  12.5   0.0   0.0  87.5   0.0    2    106    323    0    0    0  24.12 
04:24:24  12.4   0.0   0.1  87.5   0.0    2    132    340    0    0    0  24.19 
04:24:25  12.6   0.0   0.0  87.4   0.0    2     92    306    0    0    0  24.18 
04:24:26  12.2   0.0   0.2  87.5   0.0    2    117    327    0    0    0  24.16 
04:24:27  12.6   0.0   0.0  87.4   0.0    2    154    391    2    1    0  24.26 
04:24:28  12.4   0.0   0.1  87.2   0.2    2    252    357    0    0    0  24.47 
04:24:29  12.6   0.0   0.1  87.2   0.0    2    183    433    2    1    0  25.31 
-------- ----- ----- ----- ----- ----- ---- ------ ------ ---- ---- ---- ------ 
 Average  12.3   0.0   0.2  87.4   0.0  2.0  153.1  356.8  0.5  0.2  0.3  24.13 
 GeoMean  12.3   0.0   0.0  87.4   0.0  2.0  143.9  353.2  0.0  0.0  0.0  24.10 
  StdDev   0.3   0.0   0.2   0.1   0.1  0.0   59.6   54.3  1.0  0.5  0.9   1.09 
-------- ----- ----- ----- ----- ----- ---- ------ ------ ---- ---- ---- ------ 
 Minimum  11.5   0.0   0.0  87.1   0.0  2.0   92.0  306.0  0.0  0.0  0.0  21.27 
 Maximum  12.6   0.0   1.0  87.5   0.2  2.0  336.0  510.0  4.0  2.0  4.0  25.31 
-------- ----- ----- ----- ----- ----- ---- ------ ------ ---- ---- ---- ------ 
Summary:
CPU:  24.13 Watts on average with standard deviation 1.09  
Note: power read from RAPL domains: dram, package-0, core.
These readings do not cover all the hardware in this device.
