Running for 60.0 seconds (60 samples at 1.0 second intervals).
Power measurements will start in 0 seconds time.

  Time    User  Nice   Sys  Idle    IO  Run Ctxt/s  IRQ/s Fork Exec Exit  Watts
04:13:16  12.2   0.0   0.2  87.5   0.0    2    104    331    0    0    0  21.22 
04:13:17  12.2   0.0   0.2  87.5   0.0    2     90    306    0    0    0  21.38 
04:13:18  11.3   0.0   1.3  87.5   0.0    2    144    461    0    0    0  22.78 
04:13:19  12.2   0.0   0.2  87.1   0.4    2    116    319    0    0    0  25.66 
04:13:20  12.3   0.0   0.3  87.5   0.0    2     98    316    0    0    0  24.30 
04:13:21  12.4   0.0   0.4  87.3   0.0    3    179    357    1    0    1  24.10 
04:13:22  12.3   0.0   0.3  86.1   1.4    2    225    377    1    0    1  24.74 
04:13:23  12.4   0.0   0.4  87.2   0.0    2    158    405    2    1    0  24.88 
04:13:24  12.5   0.0   0.2  86.9   0.4    2    252    374    0    0    0  24.93 
04:13:25  12.4   0.0   0.1  87.5   0.0    2     96    313    0    0    0  24.93 
04:13:26  12.5   0.0   0.0  87.5   0.0    2    115    324    0    0    0  24.82 
04:13:27  12.4   0.0   0.1  87.5   0.0    2    176    397    0    0    2  24.16 
04:13:28  12.5   0.0   0.1  87.4   0.0    2    136    312    0    0    0  24.03 
04:13:29  12.5   0.0   0.0  87.5   0.0    2     94    310    0    0    0  24.03 
04:13:30  12.5   0.0   0.0  87.4   0.1    2    122    326    0    0    0  24.03 
04:13:31  12.5   0.0   0.0  87.5   0.0    2    187    360    1    0    1  24.15 
04:13:32  12.4   0.0   0.1  87.5   0.0    2     92    308    0    0    0  24.21 
04:13:33  12.5   0.0   0.1  87.4   0.0    2    134    376    2    1    0  24.21 
04:13:34  12.5   0.0   0.1  87.4   0.0    2    172    374    0    0    0  24.18 
04:13:35  12.5   0.0   0.0  87.5   0.0    2    120    333    0    0    0  24.47 
04:13:36  12.4   0.0   0.1  87.5   0.0    2    180    399    0    0    2  24.90 
-------- ----- ----- ----- ----- ----- ---- ------ ------ ---- ---- ---- ------ 
 Average  12.3   0.0   0.2  87.3   0.1  2.0  142.4  351.3  0.3  0.1  0.3  24.10 
 GeoMean  12.3   0.0   0.0  87.3   0.0  2.0  136.0  349.1  0.0  0.0  0.0  24.08 
  StdDev   0.3   0.0   0.3   0.3   0.3  0.2   44.5   40.7  0.6  0.3  0.6   1.06 
-------- ----- ----- ----- ----- ----- ---- ------ ------ ---- ---- ---- ------ 
 Minimum  11.3   0.0   0.0  86.1   0.0  2.0   90.0  306.0  0.0  0.0  0.0  21.22 
 Maximum  12.5   0.0   1.3  87.5   1.4  3.0  252.0  461.0  2.0  1.0  2.0  25.66 
-------- ----- ----- ----- ----- ----- ---- ------ ------ ---- ---- ---- ------ 
Summary:
CPU:  24.10 Watts on average with standard deviation 1.06  
Note: power read from RAPL domains: dram, package-0, core.
These readings do not cover all the hardware in this device.
