Running for 60.0 seconds (60 samples at 1.0 second intervals).
Power measurements will start in 0 seconds time.

  Time    User  Nice   Sys  Idle    IO  Run Ctxt/s  IRQ/s Fork Exec Exit  Watts
03:21:43  12.1   0.0   0.4  87.5   0.0    2    150    385    0    0    0  21.38 
03:21:44  12.2   0.0   0.4  87.4   0.0    2    116    321    0    0    0  21.56 
03:21:45  11.2   0.0   1.3  87.6   0.0    2    160    355    0    0    0  22.22 
03:21:46  12.1   0.0   0.4  87.5   0.0    2     98    332    0    0    0  24.60 
03:21:47  12.2   0.0   0.2  87.5   0.0    2    177    356    0    0    0  24.34 
03:21:48  12.1   0.0   0.4  87.5   0.0    2    121    325    0    0    0  23.96 
03:21:49  12.4   0.0   0.2  87.4   0.0    2    114    333    0    0    0  24.55 
03:21:50  12.5   0.0   0.0  87.5   0.0    2    145    385    2    1    0  24.82 
03:21:51  12.4   0.0   0.1  87.5   0.0    2    136    459    0    0    0  24.92 
03:21:52  12.5   0.0   0.3  87.2   0.0    2    353    434    1    0    1  25.10 
03:21:53  12.4   0.0   0.0  87.6   0.0    2    177    394    0    0    2  24.88 
03:21:54  12.5   0.0   0.1  87.4   0.0    2    112    329    0    0    0  24.23 
03:21:55  12.4   0.0   0.1  87.5   0.0    2    130    328    0    0    0  24.16 
03:21:56  12.4   0.0   0.1  87.5   0.0    2     88    311    0    0    0  24.11 
03:21:57  12.8   0.0   0.0  86.2   1.0    2    212    442    2    1    0  24.30 
03:21:58  12.4   0.0   0.1  87.5   0.0    2    143    380    2    1    0  24.21 
03:21:59  12.6   0.0   0.1  87.3   0.0    2    172    361    0    0    0  24.28 
03:22:00  12.5   0.0   0.0  87.5   0.0    2    192    394    0    0    2  24.23 
03:22:01  12.4   0.0   0.2  87.4   0.0    2    167    402    0    0    2  24.29 
03:22:02  12.4   0.0   0.3  87.4   0.0    2    260    415    4    4    4  24.98 
03:22:03  12.4   0.0   0.2  86.8   0.6    2    127    329    0    0    0  25.13 
-------- ----- ----- ----- ----- ----- ---- ------ ------ ---- ---- ---- ------ 
 Average  12.3   0.0   0.2  87.4   0.1  2.0  159.5  370.0  0.5  0.3  0.5  24.11 
 GeoMean  12.3   0.0   0.0  87.4   0.0  2.0  151.1  367.6  0.0  0.0  0.0  24.08 
  StdDev   0.3   0.0   0.3   0.3   0.2  0.0   58.5   42.7  1.1  0.9  1.1   1.04 
-------- ----- ----- ----- ----- ----- ---- ------ ------ ---- ---- ---- ------ 
 Minimum  11.2   0.0   0.0  86.2   0.0  2.0   88.0  311.0  0.0  0.0  0.0  21.38 
 Maximum  12.8   0.0   1.3  87.6   1.0  2.0  353.0  459.0  4.0  4.0  4.0  25.13 
-------- ----- ----- ----- ----- ----- ---- ------ ------ ---- ---- ---- ------ 
Summary:
CPU:  24.11 Watts on average with standard deviation 1.04  
Note: power read from RAPL domains: dram, package-0, core.
These readings do not cover all the hardware in this device.
