Running for 60.0 seconds (60 samples at 1.0 second intervals).
Power measurements will start in 0 seconds time.

  Time    User  Nice   Sys  Idle    IO  Run Ctxt/s  IRQ/s Fork Exec Exit  Watts
04:34:59  12.2   0.0   0.2  87.5   0.0    2    104    341    0    0    0  20.95 
04:35:00  12.3   0.0   0.3  87.5   0.0    2    129    331    0    0    0  21.26 
04:35:01  11.4   0.0   1.2  87.4   0.0    2    301    449    4    4    4  21.70 
04:35:02  12.1   0.0   0.4  87.5   0.0    2    114    327    0    0    0  24.32 
04:35:03  12.5   0.0   0.4  87.1   0.0    2    346    524    4    2    0  24.69 
04:35:04  12.2   0.0   0.4  87.2   0.1    2    180    366    0    0    0  23.99 
04:35:05  12.3   0.0   0.1  87.6   0.0    2    156    429    0    0    2  24.51 
04:35:06  12.8   0.0   0.1  87.1   0.0    2    286    692    2    1    2  25.13 
04:35:07  12.1   0.0   0.3  87.6   0.0    2     92    330    0    0    0  24.82 
04:35:08  12.4   0.0   0.1  87.5   0.0    2    126    330    0    0    0  24.86 
04:35:09  12.5   0.0   0.6  86.9   0.0    2    362    553    2    1    2  24.96 
04:35:10  12.4   0.0   0.1  87.2   0.3    2    195    403    0    0    2  24.36 
04:35:11  12.5   0.0   0.1  87.4   0.0    2    186    376    1    0    1  25.31 
04:35:12  12.5   0.0   0.0  87.5   0.0    2    100    316    0    0    0  24.04 
04:35:13  12.5   0.0   0.1  87.4   0.0    2    114    318    0    0    0  24.07 
04:35:14  12.4   0.0   0.0  87.6   0.0    2    104    317    0    0    0  24.15 
04:35:15  12.5   0.0   0.0  87.5   0.0    2     94    306    0    0    0  24.19 
04:35:16  12.5   0.0   0.0  87.2   0.2    2    136    326    0    0    0  24.20 
04:35:17  12.4   0.0   0.1  87.5   0.0    2     98    311    0    0    0  24.14 
04:35:18  12.4   0.0   0.4  87.2   0.0    2    171    393    2    1    0  24.46 
04:35:19  12.4   0.0   0.2  87.4   0.0    2    238    370    0    0    0  25.00 
-------- ----- ----- ----- ----- ----- ---- ------ ------ ---- ---- ---- ------ 
 Average  12.3   0.0   0.2  87.4   0.0  2.0  173.0  386.1  0.7  0.4  0.6  24.05 
 GeoMean  12.3   0.0   0.0  87.4   0.0  2.0  156.3  376.6  0.0  0.0  0.0  24.02 
  StdDev   0.3   0.0   0.3   0.2   0.1  0.0   83.3   95.7  1.3  1.0  1.1   1.19 
-------- ----- ----- ----- ----- ----- ---- ------ ------ ---- ---- ---- ------ 
 Minimum  11.4   0.0   0.0  86.9   0.0  2.0   92.0  306.0  0.0  0.0  0.0  20.95 
 Maximum  12.8   0.0   1.2  87.6   0.3  2.0  362.0  692.0  4.0  4.0  4.0  25.31 
-------- ----- ----- ----- ----- ----- ---- ------ ------ ---- ---- ---- ------ 
Summary:
CPU:  24.05 Watts on average with standard deviation 1.19  
Note: power read from RAPL domains: dram, package-0, core.
These readings do not cover all the hardware in this device.
