Running for 60.0 seconds (60 samples at 1.0 second intervals).
Power measurements will start in 0 seconds time.

  Time    User  Nice   Sys  Idle    IO  Run Ctxt/s  IRQ/s Fork Exec Exit  Watts
03:55:37  12.0   0.0   0.5  87.5   0.0    2    129    331    0    0    0  21.27 
03:55:38  12.2   0.0   0.2  87.5   0.0    2    119    319    0    0    0  21.37 
03:55:39  11.2   0.0   1.2  87.5   0.0    2    129    320    0    0    0  22.21 
03:55:40  12.4   0.0   0.1  87.5   0.0    2     96    323    0    0    0  24.50 
03:55:41  12.4   0.0   0.1  87.5   0.0    3    102    304    0    0    0  24.19 
03:55:42  12.2   0.0   0.4  87.4   0.0    2    198    377    1    0    1  24.03 
03:55:43  12.3   0.0   0.3  87.5   0.0    2    130    317    0    0    0  24.58 
03:55:44  12.4   0.0   0.2  87.4   0.0    2    107    323    0    0    0  24.78 
03:55:45  12.4   0.0   0.1  87.5   0.0    2     92    309    0    0    0  24.82 
03:55:46  12.4   0.0   0.1  87.5   0.0    2    100    314    0    0    0  24.91 
03:55:47  12.4   0.0   0.1  87.4   0.1    2    119    316    0    0    0  24.90 
03:55:48  12.6   0.0   0.0  87.4   0.0    2    116    333    0    0    0  24.21 
03:55:49  12.4   0.0   0.2  87.4   0.0    2    102    313    0    0    0  24.26 
03:55:50  12.4   0.0   0.1  87.5   0.0    2    161    393    2    1    0  24.31 
03:55:51  12.5   0.0   0.1  87.4   0.0    2    159    349    0    0    0  24.36 
03:55:52  12.5   0.0   0.0  87.5   0.0    2    181    362    1    0    1  24.44 
03:55:53  12.5   0.0   0.0  87.5   0.0    2    194    491    0    0    2  23.91 
03:55:54  12.5   0.0   0.0  87.5   0.0    2    134    329    0    0    0  23.68 
03:55:55  12.4   0.0   0.2  87.4   0.0    2    116    320    0    0    0  24.00 
03:55:56  12.4   0.0   0.0  87.6   0.0    2    108    320    0    0    0  24.24 
03:55:57  12.5   0.0   0.0  87.2   0.2    2    123    324    0    0    0  25.01 
-------- ----- ----- ----- ----- ----- ---- ------ ------ ---- ---- ---- ------ 
 Average  12.3   0.0   0.2  87.4   0.0  2.0  129.3  337.5  0.2  0.0  0.2  24.00 
 GeoMean  12.3   0.0   0.0  87.4   0.0  2.0  126.0  335.4  0.0  0.0  0.0  23.97 
  StdDev   0.3   0.0   0.3   0.1   0.1  0.2   30.8   40.8  0.5  0.2  0.5   1.04 
-------- ----- ----- ----- ----- ----- ---- ------ ------ ---- ---- ---- ------ 
 Minimum  11.2   0.0   0.0  87.2   0.0  2.0   92.0  304.0  0.0  0.0  0.0  21.27 
 Maximum  12.6   0.0   1.2  87.6   0.2  3.0  198.0  491.0  2.0  1.0  2.0  25.01 
-------- ----- ----- ----- ----- ----- ---- ------ ------ ---- ---- ---- ------ 
Summary:
CPU:  24.00 Watts on average with standard deviation 1.04  
Note: power read from RAPL domains: dram, package-0, core.
These readings do not cover all the hardware in this device.
