Running for 60.0 seconds (60 samples at 1.0 second intervals).
Power measurements will start in 0 seconds time.

  Time    User  Nice   Sys  Idle    IO  Run Ctxt/s  IRQ/s Fork Exec Exit  Watts
04:32:17  12.6   0.0   0.4  85.6   1.4    2    193    431    2    0    0  21.58 
04:32:18  12.1   0.0   0.4  87.5   0.0    2     99    317    0    0    0  21.26 
04:32:19  11.4   0.0   1.2  87.4   0.0    2    150    327    0    0    0  22.03 
04:32:20  12.2   0.0   0.2  87.5   0.0    2    115    328    0    0    0  24.66 
04:32:21  12.2   0.0   0.2  87.5   0.0    2    100    319    0    0    0  24.37 
04:32:22  12.2   0.0   0.4  87.1   0.2    2    219    379    1    0    2  24.17 
04:32:23  12.3   0.0   0.3  87.5   0.0    2    118    337    0    0    0  24.72 
04:32:24  12.3   0.0   0.1  87.6   0.0    2    125    346    0    0    0  24.93 
04:32:25  12.4   0.0   0.1  87.5   0.0    2    100    317    0    0    0  24.96 
04:32:26  12.5   0.0   0.0  87.5   0.0    2    102    324    0    0    0  25.08 
04:32:27  12.4   0.0   0.2  87.4   0.0    2    135    332    0    0    0  24.93 
04:32:28  12.4   0.0   0.0  87.6   0.0    2    102    323    0    0    0  24.17 
04:32:29  12.5   0.0   0.0  87.5   0.0    2    144    345    0    0    0  24.05 
04:32:30  12.4   0.0   0.1  87.5   0.0    2    108    326    0    0    0  24.03 
04:32:31  12.5   0.0   0.1  87.4   0.0    2    133    335    0    0    0  24.03 
04:32:32  12.5   0.0   0.0  87.5   0.0    2    204    380    1    0    2  24.28 
04:32:33  12.4   0.0   0.1  87.5   0.0    2     92    318    0    0    0  24.20 
04:32:34  12.5   0.0   0.0  87.5   0.0    2    144    338    0    0    0  24.22 
04:32:35  12.4   0.0   0.1  87.5   0.0    2    128    332    0    0    0  24.06 
04:32:36  12.4   0.0   0.2  87.4   0.0    2    134    357    0    0    0  25.35 
04:32:37  12.6   0.0   0.1  87.2   0.0    2    171    421    2    1    0  24.99 
-------- ----- ----- ----- ----- ----- ---- ------ ------ ---- ---- ---- ------ 
 Average  12.3   0.0   0.2  87.4   0.1  2.0  134.1  344.4  0.3  0.0  0.2  24.10 
 GeoMean  12.3   0.0   0.0  87.4   0.0  2.0  130.0  343.0  0.0  0.0  0.0  24.07 
  StdDev   0.3   0.0   0.3   0.4   0.3  0.0   35.3   31.7  0.6  0.2  0.6   1.09 
-------- ----- ----- ----- ----- ----- ---- ------ ------ ---- ---- ---- ------ 
 Minimum  11.4   0.0   0.0  85.6   0.0  2.0   92.0  317.0  0.0  0.0  0.0  21.26 
 Maximum  12.6   0.0   1.2  87.6   1.4  2.0  219.0  431.0  2.0  1.0  2.0  25.35 
-------- ----- ----- ----- ----- ----- ---- ------ ------ ---- ---- ---- ------ 
Summary:
CPU:  24.10 Watts on average with standard deviation 1.09  
Note: power read from RAPL domains: dram, package-0, core.
These readings do not cover all the hardware in this device.
