Running for 60.0 seconds (60 samples at 1.0 second intervals).
Power measurements will start in 0 seconds time.

  Time    User  Nice   Sys  Idle    IO  Run Ctxt/s  IRQ/s Fork Exec Exit  Watts
03:46:08  12.4   0.0   0.1  86.5   1.0    2    128    337    0    0    0  21.17 
03:46:09  12.3   0.0   0.3  87.5   0.0    2    115    329    0    0    0  21.31 
03:46:10  11.2   0.0   1.2  87.5   0.0    2    108    323    0    0    0  22.22 
03:46:11  12.2   0.0   0.2  87.5   0.0    2    125    340    0    0    0  24.62 
03:46:12  12.2   0.0   0.4  87.4   0.0    2    187    378    1    0    1  24.31 
03:46:13  12.3   0.0   0.4  86.3   1.0    2    113    328    0    0    0  24.12 
03:46:14  12.2   0.0   0.2  87.5   0.0    2    149    356    0    0    2  24.65 
03:46:15  12.4   0.0   0.1  87.5   0.0    2    126    338    0    0    0  24.86 
03:46:16  12.4   0.0   0.1  87.5   0.0    2    106    316    0    0    0  24.88 
03:46:17  12.4   0.0   0.1  87.5   0.0    2    101    329    0    0    0  25.06 
03:46:18  12.4   0.0   0.2  87.4   0.0    2    136    375    2    1    0  24.90 
03:46:19  12.5   0.0   0.1  86.2   1.1    2    149    353    0    0    0  24.14 
03:46:20  12.5   0.0   0.1  87.4   0.0    2    147    342    0    0    0  24.13 
03:46:21  12.4   0.0   0.0  87.6   0.0    2    138    323    0    0    0  24.06 
03:46:22  12.4   0.0   0.2  87.4   0.0    2    232    439    1    0    3  24.07 
03:46:23  12.4   0.0   0.0  87.6   0.0    2    115    325    0    0    0  23.24 
03:46:24  12.4   0.0   0.1  87.5   0.0    2    120    320    0    0    0  23.20 
03:46:25  12.5   0.0   0.0  87.5   0.0    2     95    314    0    0    0  23.22 
03:46:26  12.5   0.0   0.0  86.4   1.1    2    114    312    0    0    0  23.56 
03:46:27  12.5   0.0   0.1  87.4   0.0    2    112    323    0    0    0  24.12 
03:46:28  12.4   0.0   0.0  87.6   0.0    2    109    317    0    0    0  24.83 
-------- ----- ----- ----- ----- ----- ---- ------ ------ ---- ---- ---- ------ 
 Average  12.3   0.0   0.2  87.3   0.2  2.0  129.8  338.9  0.2  0.0  0.3  23.84 
 GeoMean  12.3   0.0   0.0  87.3   0.0  2.0  126.8  337.8  0.0  0.0  0.0  23.82 
  StdDev   0.3   0.0   0.3   0.5   0.4  0.0   30.7   28.7  0.5  0.2  0.8   1.09 
-------- ----- ----- ----- ----- ----- ---- ------ ------ ---- ---- ---- ------ 
 Minimum  11.2   0.0   0.0  86.2   0.0  2.0   95.0  312.0  0.0  0.0  0.0  21.17 
 Maximum  12.5   0.0   1.2  87.6   1.1  2.0  232.0  439.0  2.0  1.0  3.0  25.06 
-------- ----- ----- ----- ----- ----- ---- ------ ------ ---- ---- ---- ------ 
Summary:
CPU:  23.84 Watts on average with standard deviation 1.09  
Note: power read from RAPL domains: dram, package-0, core.
These readings do not cover all the hardware in this device.
