Running for 60.0 seconds (60 samples at 1.0 second intervals).
Power measurements will start in 0 seconds time.

  Time    User  Nice   Sys  Idle    IO  Run Ctxt/s  IRQ/s Fork Exec Exit  Watts
04:07:51  12.4   0.0   0.1  87.3   0.2    2    152    359    0    0    0  21.27 
04:07:52  12.2   0.0   0.5  87.3   0.0    2    228    442    1    0    3  21.36 
04:07:53  11.1   0.0   1.5  87.4   0.0    2    118    325    0    0    0  21.83 
04:07:54  12.2   0.0   0.3  87.6   0.0    2    108    325    0    0    0  24.52 
04:07:55  12.4   0.0   0.2  87.4   0.0    2    123    322    0    0    0  24.34 
04:07:56  12.0   0.0   0.5  87.1   0.4    2    115    322    0    0    0  23.96 
04:07:57  12.4   0.0   0.1  87.5   0.0    2     86    307    0    0    0  24.45 
04:07:58  12.4   0.0   0.1  87.5   0.0    2    122    329    0    0    0  24.80 
04:07:59  12.6   0.0   0.0  87.4   0.0    2    108    322    0    0    0  24.82 
04:08:00  12.4   0.0   0.2  87.4   0.0    2    106    314    0    0    0  24.80 
04:08:01  12.4   0.0   0.3  87.4   0.0    2    244    478    5    5    3  26.37 
04:08:02  12.5   0.0   0.1  87.4   0.0    2    212    391    1    0    1  24.56 
04:08:03  12.4   0.0   0.2  87.4   0.0    2    137    325    0    0    0  23.97 
04:08:04  12.4   0.0   0.1  87.5   0.0    2    183    420    0    0    2  24.02 
04:08:05  12.4   0.0   0.0  87.6   0.0    2     94    315    0    0    0  24.03 
04:08:06  12.4   0.0   0.1  87.5   0.0    2    117    334    0    0    0  24.07 
04:08:07  12.6   0.0   0.1  86.0   1.2    2    166    401    2    1    0  24.19 
04:08:08  12.4   0.0   0.0  87.6   0.0    2    158    354    0    0    0  24.17 
04:08:09  12.5   0.0   0.1  87.4   0.0    2     87    309    0    0    0  24.10 
04:08:10  12.5   0.0   0.0  87.5   0.0    2    194    442    0    0    2  24.32 
04:08:11  12.2   0.0   0.2  87.5   0.0    2    135    330    0    0    0  24.88 
-------- ----- ----- ----- ----- ----- ---- ------ ------ ---- ---- ---- ------ 
 Average  12.3   0.0   0.2  87.4   0.1  2.0  142.5  355.5  0.4  0.3  0.5  24.04 
 GeoMean  12.3   0.0   0.0  87.4   0.0  2.0  136.0  352.3  0.0  0.0  0.0  24.01 
  StdDev   0.3   0.0   0.3   0.3   0.3  0.0   45.2   50.4  1.1  1.1  1.0   1.17 
-------- ----- ----- ----- ----- ----- ---- ------ ------ ---- ---- ---- ------ 
 Minimum  11.1   0.0   0.0  86.0   0.0  2.0   86.0  307.0  0.0  0.0  0.0  21.27 
 Maximum  12.6   0.0   1.5  87.6   1.2  2.0  244.0  478.0  5.0  5.0  3.0  26.37 
-------- ----- ----- ----- ----- ----- ---- ------ ------ ---- ---- ---- ------ 
Summary:
CPU:  24.04 Watts on average with standard deviation 1.17  
Note: power read from RAPL domains: dram, package-0, core.
These readings do not cover all the hardware in this device.
