Running for 60.0 seconds (60 samples at 1.0 second intervals).
Power measurements will start in 0 seconds time.

  Time    User  Nice   Sys  Idle    IO  Run Ctxt/s  IRQ/s Fork Exec Exit  Watts
04:05:08  12.2   0.0   0.2  87.5   0.0    3    122    370    0    0    0  21.41 
04:05:09  12.2   0.0   0.4  87.4   0.0    3    111    310    0    0    0  21.26 
04:05:10  11.6   0.0   1.1  87.3   0.0    3    144    395    2    1    0  22.24 
04:05:11  12.2   0.0   0.5  87.2   0.0    3    245    363    0    0    0  24.55 
04:05:12  12.2   0.0   0.2  87.0   0.5    3    213    364    1    0    1  24.20 
04:05:13  12.5   0.0   0.4  87.1   0.0    3    244    474    2    1    2  24.18 
04:05:14  12.4   0.0   0.1  87.5   0.0    3    136    335    0    0    0  24.54 
04:05:15  12.2   0.0   0.2  87.5   0.0    3    111    316    0    0    0  24.72 
04:05:16  12.5   0.0   0.2  87.3   0.0    2    236    489    2    1    2  24.82 
04:05:17  12.5   0.0   0.2  87.2   0.0    3    236    353    0    0    0  24.95 
04:05:18  12.4   0.0   0.1  87.5   0.0    3    120    319    0    0    0  24.89 
04:05:19  12.4   0.0   0.2  87.4   0.0    3    216    415    0    0    2  24.09 
04:05:20  12.5   0.0   0.1  87.4   0.0    3    113    321    0    0    0  24.07 
04:05:21  12.4   0.0   0.1  87.5   0.0    3     81    299    0    0    0  24.03 
04:05:22  12.5   0.0   0.4  86.3   0.9    3    246    452    3    1    1  24.12 
04:05:23  12.5   0.0   0.0  87.0   0.5    3    282    351    0    0    0  23.96 
04:05:24  12.5   0.0   0.1  87.4   0.0    3    121    329    0    0    0  23.90 
04:05:25  12.5   0.0   0.1  87.4   0.0    3    168    373    0    0    2  23.92 
04:05:26  12.2   0.0   0.2  87.5   0.0    3     97    313    0    0    0  24.03 
04:05:27  12.4   0.0   0.2  87.4   0.0    3    112    318    0    0    0  24.41 
04:05:28  12.5   0.0   0.1  87.4   0.0    3    105    320    0    0    0  24.92 
-------- ----- ----- ----- ----- ----- ---- ------ ------ ---- ---- ---- ------ 
 Average  12.4   0.0   0.3  87.3   0.1  3.0  164.7  360.9  0.5  0.2  0.5  23.96 
 GeoMean  12.4   0.0   0.0  87.3   0.0  2.9  153.4  357.2  0.0  0.0  0.0  23.94 
  StdDev   0.2   0.0   0.2   0.3   0.2  0.2   62.3   54.0  0.9  0.4  0.8   1.02 
-------- ----- ----- ----- ----- ----- ---- ------ ------ ---- ---- ---- ------ 
 Minimum  11.6   0.0   0.0  86.3   0.0  2.0   81.0  299.0  0.0  0.0  0.0  21.26 
 Maximum  12.5   0.0   1.1  87.5   0.9  3.0  282.0  489.0  3.0  1.0  2.0  24.95 
-------- ----- ----- ----- ----- ----- ---- ------ ------ ---- ---- ---- ------ 
Summary:
CPU:  23.96 Watts on average with standard deviation 1.02  
Note: power read from RAPL domains: dram, package-0, core.
These readings do not cover all the hardware in this device.
