Running for 60.0 seconds (60 samples at 1.0 second intervals).
Power measurements will start in 0 seconds time.

  Time    User  Nice   Sys  Idle    IO  Run Ctxt/s  IRQ/s Fork Exec Exit  Watts
03:54:16  12.2   0.0   0.2  87.5   0.0    2    126    369    0    0    0  21.19 
03:54:17  12.1   0.0   0.5  87.4   0.0    2    137    326    0    0    0  21.39 
03:54:18  11.0   0.0   1.6  87.4   0.0    2    179    369    1    1    0  21.96 
03:54:19  12.3   0.0   0.3  87.5   0.0    2    147    367    1    0    0  24.54 
03:54:20  12.4   0.0   0.1  87.5   0.0    2    114    340    0    0    0  24.25 
03:54:21  11.9   0.0   0.6  87.3   0.1    2    179    403    0    0    2  23.90 
03:54:22  12.5   0.0   0.1  87.4   0.0    2    184    375    1    0    1  26.05 
03:54:23  12.2   0.0   0.2  87.5   0.0    2    106    313    0    0    0  24.73 
03:54:24  12.3   0.0   0.3  87.5   0.0    2    108    326    0    0    0  24.85 
03:54:25  12.4   0.0   0.1  87.5   0.0    2    108    307    0    0    0  24.88 
03:54:26  12.2   0.0   0.2  87.2   0.2    2    125    327    0    0    0  24.84 
03:54:27  12.4   0.0   0.2  87.4   0.0    2    116    319    0    0    0  24.26 
03:54:28  12.4   0.0   0.0  87.6   0.0    3    129    344    0    0    0  24.14 
03:54:29  12.5   0.0   0.0  87.5   0.0    2     91    306    0    0    0  24.16 
03:54:30  12.5   0.0   0.0  87.5   0.0    2    114    331    0    0    0  24.19 
03:54:31  12.4   0.0   0.2  87.4   0.0    2    120    320    0    0    0  24.13 
03:54:32  12.5   0.0   0.0  87.5   0.0    2    177    368    1    0    1  25.20 
03:54:33  12.5   0.0   0.0  87.5   0.0    2    121    331    0    0    0  24.21 
03:54:34  12.4   0.0   0.1  87.5   0.0    2    124    335    0    0    0  24.17 
03:54:35  12.4   0.0   0.1  87.5   0.0    2     90    309    0    0    0  24.49 
03:54:36  12.5   0.0   0.0  87.1   0.4    2    125    333    0    0    0  24.89 
-------- ----- ----- ----- ----- ----- ---- ------ ------ ---- ---- ---- ------ 
 Average  12.3   0.0   0.2  87.4   0.0  2.0  129.5  339.0  0.2  0.0  0.2  24.11 
 GeoMean  12.3   0.0   0.0  87.4   0.0  2.0  126.8  338.0  0.0  0.0  0.0  24.08 
  StdDev   0.3   0.0   0.3   0.1   0.1  0.2   27.5   25.8  0.4  0.2  0.5   1.17 
-------- ----- ----- ----- ----- ----- ---- ------ ------ ---- ---- ---- ------ 
 Minimum  11.0   0.0   0.0  87.1   0.0  2.0   90.0  306.0  0.0  0.0  0.0  21.19 
 Maximum  12.5   0.0   1.6  87.6   0.4  3.0  184.0  403.0  1.0  1.0  2.0  26.05 
-------- ----- ----- ----- ----- ----- ---- ------ ------ ---- ---- ---- ------ 
Summary:
CPU:  24.11 Watts on average with standard deviation 1.17  
Note: power read from RAPL domains: dram, package-0, core.
These readings do not cover all the hardware in this device.
