Running for 60.0 seconds (60 samples at 1.0 second intervals).
Power measurements will start in 0 seconds time.

  Time    User  Nice   Sys  Idle    IO  Run Ctxt/s  IRQ/s Fork Exec Exit  Watts
03:27:08  12.2   0.0   0.5  87.3   0.0    2    133    399    0    0    0  21.17 
03:27:09  12.2   0.0   0.2  87.5   0.0    2    112    317    0    0    0  21.19 
03:27:10  11.5   0.0   1.0  87.5   0.0    2    121    332    0    0    0  21.86 
03:27:11  12.1   0.0   0.5  87.4   0.0    2    183    360    1    0    1  24.53 
03:27:12  12.4   0.0   0.1  87.5   0.0    2    106    327    0    0    0  24.78 
03:27:13  12.1   0.0   0.4  87.5   0.0    2     96    306    0    0    0  23.92 
03:27:14  12.4   0.0   0.2  87.2   0.1    2    156    353    0    0    0  24.50 
03:27:15  12.4   0.0   0.0  87.6   0.0    2    112    324    0    0    0  24.71 
03:27:16  12.4   0.0   0.2  87.4   0.0    2    104    319    0    0    0  24.86 
03:27:17  12.2   0.0   0.2  87.5   0.0    2    157    376    1    0    0  24.93 
03:27:18  12.4   0.0   0.1  87.5   0.0    2     98    322    0    0    0  24.84 
03:27:19  12.2   0.0   0.2  87.5   0.0    2    143    337    0    0    0  24.23 
03:27:20  12.4   0.0   0.1  87.5   0.0    2    102    321    0    0    0  24.14 
03:27:21  12.5   0.0   0.0  87.5   0.0    2    112    328    0    0    0  24.18 
03:27:22  12.4   0.0   0.0  87.6   0.0    2    190    379    1    0    2  24.31 
03:27:23  12.4   0.0   0.1  87.5   0.0    2    117    394    0    0    0  24.87 
03:27:24  12.5   0.0   0.1  87.4   0.0    2    136    338    0    0    0  25.54 
03:27:25  12.5   0.0   0.0  87.5   0.0    2    114    325    0    0    0  24.38 
03:27:26  12.3   0.0   0.1  87.6   0.0    2    111    328    0    0    0  24.23 
03:27:27  12.5   0.0   0.1  86.3   1.1    2    143    343    0    0    0  24.62 
03:27:28  12.5   0.0   0.1  87.4   0.0    2    105    355    0    0    0  25.35 
-------- ----- ----- ----- ----- ----- ---- ------ ------ ---- ---- ---- ------ 
 Average  12.3   0.0   0.2  87.4   0.1  2.0  126.2  342.0  0.1  0.0  0.1  24.15 
 GeoMean  12.3   0.0   0.0  87.4   0.0  2.0  123.8  341.1  0.0  0.0  0.0  24.12 
  StdDev   0.2   0.0   0.2   0.3   0.2  0.0   26.3   25.6  0.3  0.0  0.5   1.19 
-------- ----- ----- ----- ----- ----- ---- ------ ------ ---- ---- ---- ------ 
 Minimum  11.5   0.0   0.0  86.3   0.0  2.0   96.0  306.0  0.0  0.0  0.0  21.17 
 Maximum  12.5   0.0   1.0  87.6   1.1  2.0  190.0  399.0  1.0  0.0  2.0  25.54 
-------- ----- ----- ----- ----- ----- ---- ------ ------ ---- ---- ---- ------ 
Summary:
CPU:  24.15 Watts on average with standard deviation 1.19  
Note: power read from RAPL domains: dram, package-0, core.
These readings do not cover all the hardware in this device.
