Running for 60.0 seconds (60 samples at 1.0 second intervals).
Power measurements will start in 0 seconds time.

  Time    User  Nice   Sys  Idle    IO  Run Ctxt/s  IRQ/s Fork Exec Exit  Watts
03:37:59  12.4   0.0   0.2  87.4   0.0    2    146    368    0    0    0  21.05 
03:38:00  12.2   0.0   0.2  87.5   0.0    2    100    304    0    0    0  21.30 
03:38:01  11.3   0.0   1.3  87.5   0.0    2    126    323    0    0    0  21.81 
03:38:02  12.4   0.0   0.3  87.0   0.4    2    351    525    6    5    4  24.72 
03:38:03  12.4   0.0   0.3  87.4   0.0    2    261    370    0    0    0  24.40 
03:38:04  11.9   0.0   0.6  87.5   0.0    2    116    317    0    0    0  23.98 
03:38:05  12.4   0.0   0.1  87.5   0.0    2    175    406    0    0    2  24.51 
03:38:06  12.4   0.0   0.2  87.4   0.0    2     92    315    0    0    0  24.81 
03:38:07  12.4   0.0   0.1  87.5   0.0    2    130    342    0    0    0  24.91 
03:38:08  12.4   0.0   0.1  87.2   0.2    2    112    321    0    0    0  24.85 
03:38:09  12.2   0.0   0.2  87.5   0.0    2    105    324    0    0    0  24.84 
03:38:10  12.4   0.0   0.1  87.5   0.0    2     82    303    0    0    0  24.32 
03:38:11  12.4   0.0   0.1  87.5   0.0    2    141    364    0    0    0  24.02 
03:38:12  12.5   0.0   0.1  87.4   0.0    2    190    382    1    0    1  24.14 
03:38:13  12.5   0.0   0.0  87.5   0.0    3     97    317    0    0    0  24.13 
03:38:14  12.5   0.0   0.1  87.4   0.0    2    141    336    0    0    0  23.91 
03:38:15  12.5   0.0   0.0  87.5   0.0    2    281    442    2    1    0  24.02 
03:38:16  12.5   0.0   0.1  87.4   0.0    2    114    313    0    0    0  23.92 
03:38:17  12.4   0.0   0.1  87.3   0.1    2    255    414    0    0    2  24.65 
03:38:18  12.4   0.0   0.1  87.5   0.0    2     92    309    0    0    0  24.19 
03:38:19  12.5   0.0   0.1  87.4   0.0    2    133    352    0    0    0  24.91 
-------- ----- ----- ----- ----- ----- ---- ------ ------ ---- ---- ---- ------ 
 Average  12.3   0.0   0.2  87.4   0.0  2.0  154.3  354.6  0.4  0.3  0.4  23.97 
 GeoMean  12.3   0.0   0.0  87.4   0.0  2.0  141.4  351.0  0.0  0.0  0.0  23.94 
  StdDev   0.3   0.0   0.3   0.1   0.1  0.2   71.3   53.9  1.3  1.1  1.0   1.11 
-------- ----- ----- ----- ----- ----- ---- ------ ------ ---- ---- ---- ------ 
 Minimum  11.3   0.0   0.0  87.0   0.0  2.0   82.0  303.0  0.0  0.0  0.0  21.05 
 Maximum  12.5   0.0   1.3  87.5   0.4  3.0  351.0  525.0  6.0  5.0  4.0  24.91 
-------- ----- ----- ----- ----- ----- ---- ------ ------ ---- ---- ---- ------ 
Summary:
CPU:  23.97 Watts on average with standard deviation 1.11  
Note: power read from RAPL domains: dram, package-0, core.
These readings do not cover all the hardware in this device.
