Running for 60.0 seconds (60 samples at 1.0 second intervals).
Power measurements will start in 0 seconds time.

  Time    User  Nice   Sys  Idle    IO  Run Ctxt/s  IRQ/s Fork Exec Exit  Watts
04:40:25  12.1   0.0   0.4  87.5   0.0    2    116    339    0    0    0  21.10 
04:40:26  12.4   0.0   0.2  87.4   0.0    2    110    321    0    0    0  21.28 
04:40:27  11.1   0.0   1.4  87.5   0.0    2    110    313    0    0    0  22.15 
04:40:28  12.4   0.0   0.3  87.3   0.0    2    271    461    2    1    0  24.71 
04:40:29  12.5   0.0   0.2  86.0   1.2    2    181    402    2    1    0  24.46 
04:40:30  12.1   0.0   0.5  87.4   0.0    2    180    403    0    0    2  24.02 
04:40:31  12.2   0.0   0.2  87.5   0.0    2    181    357    1    0    1  24.65 
04:40:32  12.4   0.0   0.1  87.5   0.0    2    192    412    0    0    2  24.73 
04:40:33  12.4   0.0   0.1  87.5   0.0    2    100    312    0    0    0  24.83 
04:40:34  12.3   0.0   0.3  87.5   0.0    2    119    333    0    0    0  24.91 
04:40:35  12.4   0.0   0.2  83.6   3.7    2    101    315    0    0    0  24.84 
04:40:36  12.4   0.0   0.0  87.6   0.0    2    111    332    0    0    0  24.26 
04:40:37  12.4   0.0   0.1  87.5   0.0    2     82    299    0    0    0  24.08 
04:40:38  12.5   0.0   0.1  87.4   0.0    2    132    332    0    0    0  24.12 
04:40:39  12.5   0.0   0.1  87.4   0.0    2    130    382    2    1    0  24.20 
04:40:40  12.5   0.0   0.1  87.4   0.0    2    147    347    0    0    0  23.33 
04:40:41  12.5   0.0   0.0  87.5   0.0    2    170    356    1    0    1  23.57 
04:40:42  12.5   0.0   0.1  87.4   0.0    2    211    429    0    0    2  23.17 
04:40:43  12.5   0.0   0.1  87.4   0.0    2    136    322    0    0    0  23.35 
04:40:44  12.5   0.0   0.0  87.5   0.0    2    106    331    0    0    0  24.17 
04:40:45  12.4   0.0   0.2  86.3   1.1    2     97    308    0    0    0  24.62 
-------- ----- ----- ----- ----- ----- ---- ------ ------ ---- ---- ---- ------ 
 Average  12.3   0.0   0.2  87.1   0.3  2.0  142.0  352.7  0.4  0.1  0.4  23.84 
 GeoMean  12.3   0.0   0.0  87.1   0.0  2.0  135.6  350.1  0.0  0.0  0.0  23.81 
  StdDev   0.3   0.0   0.3   0.9   0.8  0.0   45.8   43.8  0.7  0.3  0.7   1.09 
-------- ----- ----- ----- ----- ----- ---- ------ ------ ---- ---- ---- ------ 
 Minimum  11.1   0.0   0.0  83.6   0.0  2.0   82.0  299.0  0.0  0.0  0.0  21.10 
 Maximum  12.5   0.0   1.4  87.6   3.7  2.0  271.0  461.0  2.0  1.0  2.0  24.91 
-------- ----- ----- ----- ----- ----- ---- ------ ------ ---- ---- ---- ------ 
Summary:
CPU:  23.84 Watts on average with standard deviation 1.09  
Note: power read from RAPL domains: dram, package-0, core.
These readings do not cover all the hardware in this device.
