Running for 60.0 seconds (60 samples at 1.0 second intervals).
Power measurements will start in 0 seconds time.

  Time    User  Nice   Sys  Idle    IO  Run Ctxt/s  IRQ/s Fork Exec Exit  Watts
04:03:47  12.1   0.0   0.4  87.5   0.0    2    128    347    0    0    0  21.22 
04:03:48  12.3   0.0   0.1  87.6   0.0    2    114    318    0    0    0  21.35 
04:03:49  11.2   0.0   1.4  87.4   0.0    2    124    334    0    0    0  22.08 
04:03:50  12.2   0.0   0.4  87.4   0.0    2     94    309    0    0    0  24.66 
04:03:51  12.0   0.0   0.5  86.5   1.0    2    143    345    0    0    0  24.33 
04:03:52  12.2   0.0   0.4  87.4   0.0    2    174    355    1    0    1  24.24 
04:03:53  12.3   0.0   0.1  87.6   0.0    2     98    319    0    0    0  24.68 
04:03:54  12.4   0.0   0.2  87.4   0.0    2    116    322    0    0    0  24.89 
04:03:55  12.4   0.0   0.1  87.5   0.0    2    107    322    0    0    0  24.93 
04:03:56  12.4   0.0   0.1  87.5   0.0    2     94    304    0    0    0  25.05 
04:03:57  12.2   0.0   0.2  87.5   0.0    2    100    324    0    0    0  24.86 
04:03:58  12.5   0.0   0.0  86.4   1.1    2    107    313    0    0    0  24.12 
04:03:59  12.5   0.0   0.1  87.4   0.0    2    120    330    0    0    0  24.08 
04:04:00  12.4   0.0   0.1  87.5   0.0    2    120    307    0    0    0  24.03 
04:04:01  12.5   0.0   0.0  87.5   0.0    2    100    327    0    0    0  24.05 
04:04:02  12.5   0.0   0.1  87.4   0.0    2    172    360    1    0    1  25.78 
04:04:03  12.3   0.0   0.1  87.6   0.0    2    108    321    0    0    0  24.15 
04:04:04  12.5   0.0   0.0  87.5   0.0    2    117    321    0    0    0  24.18 
04:04:05  12.4   0.0   0.1  87.5   0.0    2     98    323    0    0    0  24.06 
04:04:06  12.4   0.0   0.1  87.5   0.0    2     90    305    0    0    0  24.44 
04:04:07  12.5   0.0   0.0  87.5   0.0    2    106    323    0    0    0  24.93 
-------- ----- ----- ----- ----- ----- ---- ------ ------ ---- ---- ---- ------ 
 Average  12.3   0.0   0.2  87.4   0.1  2.0  115.7  325.2  0.1  0.0  0.1  24.10 
 GeoMean  12.3   0.0   0.0  87.4   0.0  2.0  113.8  324.8  0.0  0.0  0.0  24.07 
  StdDev   0.3   0.0   0.3   0.3   0.3  0.0   22.5   15.2  0.3  0.0  0.3   1.14 
-------- ----- ----- ----- ----- ----- ---- ------ ------ ---- ---- ---- ------ 
 Minimum  11.2   0.0   0.0  86.4   0.0  2.0   90.0  304.0  0.0  0.0  0.0  21.22 
 Maximum  12.5   0.0   1.4  87.6   1.1  2.0  174.0  360.0  1.0  0.0  1.0  25.78 
-------- ----- ----- ----- ----- ----- ---- ------ ------ ---- ---- ---- ------ 
Summary:
CPU:  24.10 Watts on average with standard deviation 1.14  
Note: power read from RAPL domains: dram, package-0, core.
These readings do not cover all the hardware in this device.
