Running for 60.0 seconds (60 samples at 1.0 second intervals).
Power measurements will start in 0 seconds time.

  Time    User  Nice   Sys  Idle    IO  Run Ctxt/s  IRQ/s Fork Exec Exit  Watts
03:23:04  12.4   0.0   0.2  87.4   0.0    2    101    334    0    0    0  21.33 
03:23:05  12.4   0.0   0.1  87.5   0.0    2     92    316    0    0    0  21.43 
03:23:06  11.3   0.0   1.1  87.6   0.0    2    140    347    0    0    0  22.11 
03:23:07  12.4   0.0   0.2  87.2   0.1    2    115    332    0    0    0  24.75 
03:23:08  12.4   0.0   0.0  87.6   0.0    2    110    351    0    0    0  24.48 
03:23:09  12.4   0.0   0.2  87.4   0.0    2    103    322    0    0    0  24.17 
03:23:10  12.4   0.0   0.2  87.4   0.0    2    130    328    0    0    0  24.80 
03:23:11  12.4   0.0   0.0  87.6   0.0    2    108    322    0    0    0  25.00 
03:23:12  12.5   0.0   0.1  87.4   0.0    2    188    369    1    0    1  25.09 
03:23:13  12.4   0.0   0.2  87.4   0.0    2    114    321    0    0    0  25.13 
03:23:14  12.4   0.0   0.1  87.5   0.0    2    113    328    0    0    0  25.04 
03:23:15  12.4   0.0   0.0  87.6   0.0    2    120    325    0    0    0  24.37 
03:23:16  12.4   0.0   0.2  87.4   0.0    2     88    314    0    0    0  24.23 
03:23:17  12.4   0.0   0.0  87.4   0.3    2    131    336    0    0    0  24.21 
03:23:18  12.4   0.0   0.1  87.5   0.0    2    148    357    0    0    0  24.20 
03:23:19  12.4   0.0   0.1  87.5   0.0    2     98    309    0    0    0  24.26 
03:23:20  12.5   0.0   0.0  87.5   0.0    2     88    310    0    0    0  24.20 
03:23:21  12.5   0.0   0.0  87.5   0.0    2    100    311    0    0    0  24.25 
03:23:22  12.4   0.0   0.1  87.5   0.0    2    204    373    1    0    1  24.76 
03:23:23  12.4   0.0   0.4  87.3   0.0    2    168    392    2    1    0  24.67 
03:23:24  12.4   0.0   0.4  87.3   0.0    2    232    356    0    0    0  25.05 
-------- ----- ----- ----- ----- ----- ---- ------ ------ ---- ---- ---- ------ 
 Average  12.3   0.0   0.2  87.4   0.0  2.0  128.1  335.9  0.2  0.0  0.1  24.17 
 GeoMean  12.3   0.0   0.0  87.4   0.0  2.0  123.3  335.1  0.0  0.0  0.0  24.14 
  StdDev   0.2   0.0   0.2   0.1   0.1  0.0   38.6   22.4  0.5  0.2  0.3   1.10 
-------- ----- ----- ----- ----- ----- ---- ------ ------ ---- ---- ---- ------ 
 Minimum  11.3   0.0   0.0  87.2   0.0  2.0   88.0  309.0  0.0  0.0  0.0  21.33 
 Maximum  12.5   0.0   1.1  87.6   0.3  2.0  232.0  392.0  2.0  1.0  1.0  25.13 
-------- ----- ----- ----- ----- ----- ---- ------ ------ ---- ---- ---- ------ 
Summary:
CPU:  24.17 Watts on average with standard deviation 1.10  
Note: power read from RAPL domains: dram, package-0, core.
These readings do not cover all the hardware in this device.
