Running for 60.0 seconds (60 samples at 1.0 second intervals).
Power measurements will start in 0 seconds time.

  Time    User  Nice   Sys  Idle    IO  Run Ctxt/s  IRQ/s Fork Exec Exit  Watts
04:02:25  12.0   0.0   0.6  87.4   0.0    2    172    441    0    0    2  21.11 
04:02:26  12.2   0.0   0.2  87.2   0.2    2    136    339    0    0    0  21.21 
04:02:27  11.2   0.0   1.4  87.4   0.0    2    130    330    0    0    0  21.96 
04:02:28  12.1   0.0   0.3  87.6   0.0    2    134    355    0    0    0  24.52 
04:02:29  12.1   0.0   0.4  87.5   0.0    2    105    319    0    0    0  24.24 
04:02:30  12.4   0.0   0.1  87.5   0.0    2    116    331    0    0    0  23.99 
04:02:31  12.4   0.0   0.4  87.1   0.1    2    210    373    1    0    1  24.99 
04:02:32  12.2   0.0   0.2  87.5   0.0    2    128    344    0    0    1  24.77 
04:02:33  12.4   0.0   0.1  87.5   0.0    2    148    394    2    1    0  24.85 
04:02:34  12.8   0.0   0.1  87.0   0.0    3    273    387    0    0    0  25.01 
04:02:35  12.4   0.0   0.1  87.5   0.0    4    142    328    0    0    0  24.85 
04:02:36  12.4   0.0   0.2  87.4   0.0    2    203    432    0    0    2  24.22 
04:02:37  12.4   0.0   0.0  87.6   0.0    2    116    318    0    0    0  24.08 
04:02:38  12.5   0.0   0.1  87.4   0.0    2    147    346    0    0    0  24.10 
04:02:39  12.4   0.0   0.1  87.5   0.0    2    102    323    0    0    0  24.08 
04:02:40  12.5   0.0   0.1  87.2   0.2    2    123    331    0    0    0  24.16 
04:02:41  12.5   0.0   0.0  87.5   0.0    2    192    359    1    0    1  24.20 
04:02:42  12.4   0.0   0.0  87.6   0.0    2    113    325    0    0    0  24.18 
04:02:43  12.4   0.0   0.2  87.4   0.0    2    110    313    0    0    0  24.11 
04:02:44  12.1   0.0   0.3  87.6   0.0    2    104    325    0    0    0  24.50 
04:02:45  12.4   0.0   0.1  87.5   0.0    2     90    311    0    0    0  24.94 
-------- ----- ----- ----- ----- ----- ---- ------ ------ ---- ---- ---- ------ 
 Average  12.3   0.0   0.2  87.4   0.0  2.1  142.6  348.8  0.2  0.0  0.3  24.00 
 GeoMean  12.3   0.0   0.0  87.4   0.0  2.1  137.0  347.0  0.0  0.0  0.0  23.98 
  StdDev   0.3   0.0   0.3   0.2   0.1  0.5   43.7   36.2  0.5  0.2  0.6   1.11 
-------- ----- ----- ----- ----- ----- ---- ------ ------ ---- ---- ---- ------ 
 Minimum  11.2   0.0   0.0  87.0   0.0  2.0   90.0  311.0  0.0  0.0  0.0  21.11 
 Maximum  12.8   0.0   1.4  87.6   0.2  4.0  273.0  441.0  2.0  1.0  2.0  25.01 
-------- ----- ----- ----- ----- ----- ---- ------ ------ ---- ---- ---- ------ 
Summary:
CPU:  24.00 Watts on average with standard deviation 1.11  
Note: power read from RAPL domains: dram, package-0, core.
These readings do not cover all the hardware in this device.
