Running for 60.0 seconds (60 samples at 1.0 second intervals).
Power measurements will start in 0 seconds time.

  Time    User  Nice   Sys  Idle    IO  Run Ctxt/s  IRQ/s Fork Exec Exit  Watts
04:25:30  12.0   0.0   0.4  87.6   0.0    2    118    337    0    0    0  21.36 
04:25:31  12.5   0.0   0.2  87.3   0.0    2    186    359    1    0    1  21.47 
04:25:32  11.4   0.0   1.1  87.5   0.0    2    121    323    0    0    0  22.09 
04:25:33  12.1   0.0   0.4  87.5   0.0    2    106    317    0    0    0  24.60 
04:25:34  12.2   0.0   0.2  87.5   0.0    2    114    323    0    0    0  24.31 
04:25:35  12.2   0.0   0.2  87.2   0.2    2    109    314    0    0    0  24.06 
04:25:36  12.3   0.0   0.1  87.6   0.0    2    108    341    0    0    0  24.92 
04:25:37  12.4   0.0   0.2  87.4   0.0    2     88    302    0    0    0  24.82 
04:25:38  12.3   0.0   0.3  87.5   0.0    2    144    334    0    0    0  24.87 
04:25:39  12.4   0.0   0.1  87.5   0.0    2     92    308    0    0    0  25.04 
04:25:40  12.2   0.0   0.2  87.5   0.0    2    112    325    0    0    0  24.88 
04:25:41  12.5   0.0   0.1  87.1   0.2    2    202    380    1    0    1  24.21 
04:25:42  12.4   0.0   0.2  87.4   0.0    2    178    407    2    1    0  24.19 
04:25:43  12.5   0.0   0.0  87.5   0.0    2    238    348    0    0    0  24.14 
04:25:44  12.4   0.0   0.2  87.4   0.0    2    115    327    0    0    0  24.08 
04:25:45  12.5   0.0   0.0  87.5   0.0    2    193    407    0    0    2  23.89 
04:25:46  12.5   0.0   0.0  87.5   0.0    2    135    415    0    0    0  24.22 
04:25:47  12.4   0.0   0.1  87.2   0.3    2    127    328    0    0    0  23.88 
04:25:48  12.5   0.0   0.1  87.4   0.0    2    217    425    2    1    0  24.16 
04:25:49  12.5   0.0   0.3  87.2   0.0    2    321    453    2    1    0  24.50 
04:25:50  12.4   0.0   0.1  87.5   0.0    2    180    394    0    0    2  24.94 
-------- ----- ----- ----- ----- ----- ---- ------ ------ ---- ---- ---- ------ 
 Average  12.3   0.0   0.2  87.4   0.0  2.0  152.6  355.6  0.4  0.1  0.3  24.03 
 GeoMean  12.3   0.0   0.0  87.4   0.0  2.0  143.7  353.1  0.0  0.0  0.0  24.01 
  StdDev   0.2   0.0   0.2   0.1   0.1  0.0   56.9   43.2  0.7  0.3  0.6   1.04 
-------- ----- ----- ----- ----- ----- ---- ------ ------ ---- ---- ---- ------ 
 Minimum  11.4   0.0   0.0  87.1   0.0  2.0   88.0  302.0  0.0  0.0  0.0  21.36 
 Maximum  12.5   0.0   1.1  87.6   0.3  2.0  321.0  453.0  2.0  1.0  2.0  25.04 
-------- ----- ----- ----- ----- ----- ---- ------ ------ ---- ---- ---- ------ 
Summary:
CPU:  24.03 Watts on average with standard deviation 1.04  
Note: power read from RAPL domains: dram, package-0, core.
These readings do not cover all the hardware in this device.
