Running for 60.0 seconds (60 samples at 1.0 second intervals).
Power measurements will start in 0 seconds time.

  Time    User  Nice   Sys  Idle    IO  Run Ctxt/s  IRQ/s Fork Exec Exit  Watts
03:39:20  12.1   0.0   0.3  87.6   0.0    2    110    335    0    0    0  21.14 
03:39:21  12.2   0.0   0.2  87.5   0.0    2    180    362    1    0    1  21.30 
03:39:22  11.4   0.0   1.1  87.5   0.0    2    126    325    0    0    0  21.78 
03:39:23  12.2   0.0   0.4  87.4   0.0    2    122    326    0    0    0  24.47 
03:39:24  12.3   0.0   0.1  87.6   0.0    2    114    326    0    0    0  24.35 
03:39:25  12.2   0.0   0.4  87.1   0.2    2    113    317    0    0    0  23.96 
03:39:26  12.2   0.0   0.2  87.5   0.0    2    108    321    0    0    0  24.47 
03:39:27  12.4   0.0   0.1  87.5   0.0    2    138    337    0    0    0  24.74 
03:39:28  12.4   0.0   0.2  87.4   0.0    2    108    318    0    0    0  24.84 
03:39:29  12.3   0.0   0.1  87.6   0.0    2     88    306    0    0    0  24.79 
03:39:30  12.4   0.0   0.1  87.5   0.0    2    118    348    0    0    0  25.75 
03:39:31  12.5   0.0   0.1  87.4   0.0    2    188    368    1    0    1  24.25 
03:39:32  12.4   0.0   0.0  87.6   0.0    2     98    312    0    0    0  23.96 
03:39:33  12.5   0.0   0.1  87.4   0.0    2    112    322    0    0    0  23.90 
03:39:34  12.5   0.0   0.0  87.5   0.0    2    111    335    0    0    0  23.99 
03:39:35  12.4   0.0   0.1  87.5   0.0    2    143    348    0    0    0  24.10 
03:39:36  12.5   0.0   0.0  87.5   0.0    2     91    314    0    0    0  24.16 
03:39:37  12.5   0.0   0.0  87.2   0.2    2    119    319    0    0    0  24.17 
03:39:38  12.5   0.0   0.1  87.4   0.0    2    165    356    0    0    0  24.03 
03:39:39  12.3   0.0   0.1  87.6   0.0    2    138    340    0    0    0  24.22 
03:39:40  12.5   0.0   0.0  87.5   0.0    2    117    314    0    0    0  24.82 
-------- ----- ----- ----- ----- ----- ---- ------ ------ ---- ---- ---- ------ 
 Average  12.3   0.0   0.2  87.5   0.0  2.0  124.1  330.9  0.1  0.0  0.1  23.96 
 GeoMean  12.3   0.0   0.0  87.5   0.0  2.0  121.7  330.5  0.0  0.0  0.0  23.93 
  StdDev   0.2   0.0   0.2   0.1   0.1  0.0   25.9   16.9  0.3  0.0  0.3   1.13 
-------- ----- ----- ----- ----- ----- ---- ------ ------ ---- ---- ---- ------ 
 Minimum  11.4   0.0   0.0  87.1   0.0  2.0   88.0  306.0  0.0  0.0  0.0  21.14 
 Maximum  12.5   0.0   1.1  87.6   0.2  2.0  188.0  368.0  1.0  0.0  1.0  25.75 
-------- ----- ----- ----- ----- ----- ---- ------ ------ ---- ---- ---- ------ 
Summary:
CPU:  23.96 Watts on average with standard deviation 1.13  
Note: power read from RAPL domains: dram, package-0, core.
These readings do not cover all the hardware in this device.
