Running for 60.0 seconds (60 samples at 1.0 second intervals).
Power measurements will start in 0 seconds time.

  Time    User  Nice   Sys  Idle    IO  Run Ctxt/s  IRQ/s Fork Exec Exit  Watts
03:59:42  12.3   0.0   0.1  87.6   0.0    2    130    352    0    0    0  21.23 
03:59:43  12.2   0.0   0.4  87.1   0.2    2    163    324    0    0    0  21.38 
03:59:44  11.1   0.0   1.3  87.6   0.0    2    232    394    0    0    0  22.92 
03:59:45  12.5   0.0   0.2  87.2   0.0    2    171    397    2    1    0  24.69 
03:59:46  12.1   0.0   0.4  87.5   0.0    2    118    334    0    0    0  24.18 
03:59:47  12.2   0.0   0.2  87.5   0.0    2    114    316    0    0    0  23.98 
03:59:48  12.4   0.0   0.2  87.4   0.0    2    186    412    0    0    2  24.56 
03:59:49  12.2   0.0   0.2  87.3   0.2    2    105    316    0    0    0  24.69 
03:59:50  12.4   0.0   0.1  87.5   0.0    2    125    340    0    0    0  24.78 
03:59:51  12.5   0.0   0.0  87.5   0.0    2    196    361    1    0    1  25.25 
03:59:52  12.3   0.0   0.1  87.6   0.0    2    108    328    0    0    0  24.81 
03:59:53  12.4   0.0   0.2  87.4   0.0    2    112    318    0    0    0  24.11 
03:59:54  12.4   0.0   0.0  87.6   0.0    2    138    339    0    0    0  24.06 
03:59:55  12.5   0.0   0.1  87.4   0.0    2    104    319    0    0    0  24.09 
03:59:56  12.4   0.0   0.1  87.5   0.0    2    106    344    0    0    0  24.07 
03:59:57  12.4   0.0   0.1  87.4   0.1    2    115    313    0    0    0  24.05 
03:59:58  12.5   0.0   0.0  87.5   0.0    2    122    324    0    0    0  24.05 
03:59:59  12.5   0.0   0.0  87.5   0.0    2     86    307    0    0    0  24.05 
04:00:00  12.4   0.0   0.1  85.5   2.0    2    540    404    2    0    2  24.19 
04:00:01  12.4   0.0   0.2  85.8   1.6    2    328    388    1    0    1  24.76 
04:00:02  12.5   0.0   0.1  85.8   1.6    2    226    372    0    0    0  26.35 
-------- ----- ----- ----- ----- ----- ---- ------ ------ ---- ---- ---- ------ 
 Average  12.3   0.0   0.2  87.2   0.3  2.0  167.9  347.7  0.3  0.0  0.3  24.11 
 GeoMean  12.3   0.0   0.0  87.2   0.0  2.0  149.7  346.2  0.0  0.0  0.0  24.08 
  StdDev   0.3   0.0   0.3   0.6   0.6  0.0  100.6   32.9  0.6  0.2  0.6   1.11 
-------- ----- ----- ----- ----- ----- ---- ------ ------ ---- ---- ---- ------ 
 Minimum  11.1   0.0   0.0  85.5   0.0  2.0   86.0  307.0  0.0  0.0  0.0  21.23 
 Maximum  12.5   0.0   1.3  87.6   2.0  2.0  540.0  412.0  2.0  1.0  2.0  26.35 
-------- ----- ----- ----- ----- ----- ---- ------ ------ ---- ---- ---- ------ 
Summary:
CPU:  24.11 Watts on average with standard deviation 1.11  
Note: power read from RAPL domains: dram, package-0, core.
These readings do not cover all the hardware in this device.
